564 6
  4.4746482702365547e+003 -4.5672354074588093e+003 -1.5089229089003211e+001 -1.0463873687559577e+006  0.0000000000000000e+000  0.0000000000000000e+000  1.1476385254357131e+006
  4.4746483024828713e+003 -4.5672353752110012e+003 -1.5089218578154355e+001 -1.0463873687559703e+006  0.0000000000000000e+000  0.0000000000000000e+000  1.1476385254239154e+006
  4.4746483669792033e+003 -4.5672353107151530e+003 -1.5089197557430662e+001 -1.0463873687559598e+006  0.0000000000000000e+000  0.0000000000000000e+000  1.1476385254003117e+006
  4.4746484959659456e+003 -4.5672351817294302e+003 -1.5089155514378314e+001 -1.0463873687560806e+006  0.0000000000000000e+000  0.0000000000000000e+000  1.1476385253532266e+006
  4.4746487539415257e+003 -4.5672349237568978e+003 -1.5089071429332762e+001 -1.0463873687560647e+006  0.0000000000000000e+000  0.0000000000000000e+000  1.1476385252588186e+006
  4.4746492698847278e+003 -4.5672344078146425e+003 -1.5088903258637371e+001 -1.0463873687560615e+006  0.0000000000000000e+000  0.0000000000000000e+000  1.1476385250700286e+006
  4.4746503017758832e+003 -4.5672333759294006e+003 -1.5088566917581259e+001 -1.0463873687560362e+006  0.0000000000000000e+000  0.0000000000000000e+000  1.1476385246924318e+006
  4.4746523655577430e+003 -4.5672313121555953e+003 -1.5087894236270239e+001 -1.0463873687562821e+006  0.0000000000000000e+000  0.0000000000000000e+000  1.1476385239375050e+006
  4.4746564931256780e+003 -4.5672271846067970e+003 -1.5086548873183835e+001 -1.0463873687564627e+006  0.0000000000000000e+000  0.0000000000000000e+000  1.1476385224273808e+006
  4.4746647482600010e+003 -4.5672189295053749e+003 -1.5083858146830408e+001 -1.0463873687568476e+006  0.0000000000000000e+000  0.0000000000000000e+000  1.1476385194071443e+006
  4.4746812585221223e+003 -4.5672024193031339e+003 -1.5078476695500060e+001 -1.0463873687575985e+006  0.0000000000000000e+000  0.0000000000000000e+000  1.1476385133666566e+006
  4.4747142790489615e+003 -4.5671693988961460e+003 -1.5067713790588584e+001 -1.0463873687591456e+006  0.0000000000000000e+000  0.0000000000000000e+000  1.1476385012857080e+006
  4.4747803201051056e+003 -4.5671033581049624e+003 -1.5046187982625622e+001 -1.0463873687618508e+006  0.0000000000000000e+000  0.0000000000000000e+000  1.1476384771233585e+006
  4.4749124022175620e+003 -4.5669712765038621e+003 -1.5003136366121614e+001 -1.0463873687682123e+006  0.0000000000000000e+000  0.0000000000000000e+000  1.1476384287997445e+006
  4.4751765664348814e+003 -4.5667071132947858e+003 -1.4917033133274430e+001 -1.0463873687803461e+006  0.0000000000000000e+000  0.0000000000000000e+000  1.1476383321518912e+006
  4.4757048948563934e+003 -4.5661787868794991e+003 -1.4744826666851656e+001 -1.0463873688043449e+006  0.0000000000000000e+000  0.0000000000000000e+000  1.1476381388559949e+006
  4.4767615516779733e+003 -4.5651221340022275e+003 -1.4400413733344504e+001 -1.0463873688514468e+006  0.0000000000000000e+000  0.0000000000000000e+000  1.1476377522636042e+006
  4.4788748651824608e+003 -4.5630088281265498e+003 -1.3711587868271931e+001 -1.0463873689427837e+006  0.0000000000000000e+000  0.0000000000000000e+000  1.1476369790772630e+006
  4.4831014916328195e+003 -4.5587822157870050e+003 -1.2333936135201474e+001 -1.0463873691116126e+006  0.0000000000000000e+000  0.0000000000000000e+000  1.1476354326955269e+006
  4.4915547423045182e+003 -4.5503289888754398e+003 -9.5786326689732828e+000 -1.0463873693962377e+006  0.0000000000000000e+000  0.0000000000000000e+000  1.1476323398988715e+006
  4.5084612346926988e+003 -4.5334225260678331e+003 -4.0680257318741049e+000 -1.0463873697500625e+006  0.0000000000000000e+000  0.0000000000000000e+000  1.1476261541686435e+006
  4.5422741836637624e+003 -4.4996095645934411e+003  6.9531881490450447e+000 -1.0463873696003172e+006  0.0000000000000000e+000  0.0000000000000000e+000  1.1476293928723095e+006
  4.6098999378191475e+003 -4.4319834986708674e+003  2.8995615805658879e+001 -1.0463873658689569e+006  0.0000000000000000e+000  0.0000000000000000e+000  1.1476541343263101e+006
  4.6775254993114195e+003 -4.3643572430857503e+003  5.1038043077230114e+001 -1.0463873575616371e+006  0.0000000000000000e+000  0.0000000000000000e+000  1.1476788728831392e+006
  4.7451508670162348e+003 -4.2967307989583996e+003  7.3080469671541834e+001 -1.0463873446782539e+006  0.0000000000000000e+000  0.0000000000000000e+000  1.1477036085422288e+006
  4.8127760397934208e+003 -4.2291041674408825e+003  9.5122895295032293e+001 -1.0463873272189059e+006  0.0000000000000000e+000  0.0000000000000000e+000  1.1477283413035190e+006
  4.9480257960303870e+003 -4.0938503467534729e+003  1.3920774246164012e+002 -1.0463872785725298e+006  0.0000000000000000e+000  0.0000000000000000e+000  1.1477777981313998e+006
  5.2185229194102039e+003 -3.8233405065447755e+003  2.2737741227714668e+002 -1.0463871263685736e+006  0.0000000000000000e+000  0.0000000000000000e+000  1.1478766769989938e+006
  5.4890167968213100e+003 -3.5528277951468799e+003  3.1554703379616257e+002 -1.0463869009492282e+006  0.0000000000000000e+000  0.0000000000000000e+000  1.1479755094648458e+006
  5.7595073555989238e+003 -3.2823122852309407e+003  4.0371658829140097e+002 -1.0463866023150657e+006  0.0000000000000000e+000  0.0000000000000000e+000  1.1480742955090625e+006
  6.3004782266989414e+003 -2.7412731606063057e+003  5.8005542129748244e+002 -1.0463857854023700e+006  0.0000000000000000e+000  0.0000000000000000e+000  1.1482717282505026e+006
  6.8414349516369239e+003 -2.2002237142215326e+003  7.5639376147472376e+002 -1.0463846756320517e+006  0.0000000000000000e+000  0.0000000000000000e+000  1.1484689750606664e+006
  7.3823769494279695e+003 -1.6591645276921695e+003  9.3273145900243412e+002 -1.0463832730059723e+006  0.0000000000000000e+000  0.0000000000000000e+000  1.1486660357771029e+006
  7.9233036391409905e+003 -1.1180961827199515e+003  1.1090683640629454e+003 -1.0463815775260953e+006  0.0000000000000000e+000  0.0000000000000000e+000  1.1490655438624294e+006
  8.4642144400032048e+003 -5.7701926105827101e+002  1.2854043268402352e+003 -1.0463795891959269e+006  0.0000000000000000e+000  0.0000000000000000e+000  1.1505004173878164e+006
  9.5459860523605330e+003  5.0515798486238947e+002  1.6380728262961952e+003 -1.0463747339991921e+006  0.0000000000000000e+000  0.0000000000000000e+000  1.1533693990127298e+006
  1.0627687141925000e+004  1.5873625544991846e+003  1.9907357588983014e+003 -1.0463687074489493e+006  0.0000000000000000e+000  0.0000000000000000e+000  1.1562373512972479e+006
  1.1709313065765100e+004  2.6695897912382820e+003  2.3433919262381414e+003 -1.0463615095884115e+006  0.0000000000000000e+000  0.0000000000000000e+000  1.1591042637230908e+006
  1.2790859182549370e+004  3.7518350374757802e+003  2.6960401299784676e+003 -1.0463531404680944e+006  0.0000000000000000e+000  0.0000000000000000e+000  1.1619701257784427e+006
  1.3872320852705441e+004  4.8340936346437720e+003  3.0486791718681357e+003 -1.0463436001459680e+006  0.0000000000000000e+000  0.0000000000000000e+000  1.1648349269581831e+006
  1.4953693438394474e+004  5.9163609232923109e+003  3.4013078537549659e+003 -1.0463328886898990e+006  0.0000000000000000e+000  0.0000000000000000e+000  1.1676986567669110e+006
  1.7116152814273843e+004  8.0809029332091177e+003  4.1065293454833245e+003 -1.0463079526851154e+006  0.0000000000000000e+000  0.0000000000000000e+000  1.1734228603257390e+006
  1.9278200245124939e+004  1.0245423776163996e+004  4.8116950224109651e+003 -1.0462783331545439e+006  0.0000000000000000e+000  0.0000000000000000e+000  1.1791426526447753e+006
  2.1439798697820032e+004  1.2409886150676350e+004  5.5167953041910378e+003 -1.0462440309312220e+006  0.0000000000000000e+000  0.0000000000000000e+000  1.1848579500473251e+006
  2.3600911173044169e+004  1.4574252746644175e+004  6.2218206132969990e+003 -1.0462050469798738e+006  0.0000000000000000e+000  0.0000000000000000e+000  1.1905686689937138e+006
  2.7921530373657475e+004  1.8902549330827937e+004  7.6316080199324979e+003 -1.0461130384072198e+006  0.0000000000000000e+000  0.0000000000000000e+000  1.2019760380648270e+006
  3.2239762597418303e+004  2.3230014946956482e+004  9.0409806941303450e+003 -1.0460023177827641e+006  0.0000000000000000e+000  0.0000000000000000e+000  1.2133640944297886e+006
  3.6555313251817075e+004  2.7556350994924866e+004  1.0449862159148226e+004 -1.0458728975509267e+006  0.0000000000000000e+000  0.0000000000000000e+000  1.2247321751049657e+006
  4.0867888459303009e+004  3.1881258915921331e+004  1.1858176022844505e+004 -1.0457247922538506e+006  0.0000000000000000e+000  0.0000000000000000e+000  1.2360796196824559e+006
  4.5177195114848859e+004  3.6204440251953885e+004  1.3265845990793257e+004 -1.0455580185267270e+006  0.0000000000000000e+000  0.0000000000000000e+000  1.2474057704564785e+006
  4.9482940943157897e+004  4.0525596705425552e+004  1.4672795879342781e+004 -1.0453725950918945e+006  0.0000000000000000e+000  0.0000000000000000e+000  1.2587099725479127e+006
  5.3784834555648631e+004  4.4844430198604918e+004  1.6078949628672357e+004 -1.0451685427554054e+006  0.0000000000000000e+000  0.0000000000000000e+000  1.2699915740314717e+006
  5.8082585506927760e+004  4.9160642933028037e+004  1.7484231315756660e+004 -1.0449458843995618e+006  0.0000000000000000e+000  0.0000000000000000e+000  1.2812499260581736e+006
  6.2375904350994009e+004  5.3473937448881239e+004  1.8888565167332945e+004 -1.0447046449784682e+006  0.0000000000000000e+000  0.0000000000000000e+000  1.2924843829808969e+006
  6.6664502696963260e+004  5.7784016684017188e+004  2.0291875572747740e+004 -1.0444448515086389e+006  0.0000000000000000e+000  0.0000000000000000e+000  1.3036943024736065e+006
  7.0948093264461146e+004  6.2090584033192499e+004  2.1694087096814932e+004 -1.0441665330639656e+006  0.0000000000000000e+000  0.0000000000000000e+000  1.3148790456555933e+006
  7.5226389938430191e+004  6.6393343406769942e+004  2.3095124492558047e+004 -1.0438697207664446e+006  0.0000000000000000e+000  0.0000000000000000e+000  1.3260379772101864e+006
  7.9499107823578728e+004  7.0691999289485102e+004  2.4494912713908005e+004 -1.0435544477780290e+006  0.0000000000000000e+000  0.0000000000000000e+000  1.3371704655040835e+006
  8.3765963298245668e+004  7.4986256798783012e+004  2.5893376928290625e+004 -1.0432207492902072e+006  0.0000000000000000e+000  0.0000000000000000e+000  1.3482758827036787e+006
  8.8026674067896456e+004  7.9275821743174369e+004  2.7290442529218311e+004 -1.0428686625168324e+006  0.0000000000000000e+000  0.0000000000000000e+000  1.3593536048946732e+006
  9.2280959217849930e+004  8.3560400679964034e+004  2.8686035148677762e+004 -1.0424982266807224e+006  0.0000000000000000e+000  0.0000000000000000e+000  1.3704030121932151e+006
  9.6528539265726518e+004  8.7839700973103652e+004  3.0080080669555231e+004 -1.0421094830056152e+006  0.0000000000000000e+000  0.0000000000000000e+000  1.3814234888634970e+006
  1.0076913621315280e+005  9.2113430850448363e+004  3.1472505237898964e+004 -1.0417024747038751e+006  0.0000000000000000e+000  0.0000000000000000e+000  1.3924144234287520e+006
  1.0500247359680351e+005  9.6381299460645649e+004  3.2863235275051942e+004 -1.0412772469630738e+006  0.0000000000000000e+000  0.0000000000000000e+000  1.4033752087803665e+006
  1.0922827653908057e+005  1.0064301692997293e+005  3.4252197489787839e+004 -1.0408338469358715e+006  0.0000000000000000e+000  0.0000000000000000e+000  1.4143052422905392e+006
  1.1344627179806880e+005  1.0489829441860324e+005  3.5639318890307477e+004 -1.0403723237273151e+006  0.0000000000000000e+000  0.0000000000000000e+000  1.4252039259206718e+006
  1.1765618781652021e+005  1.0914684417620992e+005  3.7024526795990620e+004 -1.0398927283779818e+006  0.0000000000000000e+000  0.0000000000000000e+000  1.4360706663231752e+006
  1.2185775477082460e+005  1.1338837959784889e+005  3.8407748849302829e+004 -1.0393951138548091e+006  0.0000000000000000e+000  0.0000000000000000e+000  1.4469048749529740e+006
  1.2605070461860563e+005  1.1762261527858865e+005  3.9788913027313203e+004 -1.0388795350327897e+006  0.0000000000000000e+000  0.0000000000000000e+000  1.4577059681657006e+006
  1.3023477114606863e+005  1.2184926706826114e+005  4.1167947653257848e+004 -1.0383460486816362e+006  0.0000000000000000e+000  0.0000000000000000e+000  1.4684733673213935e+006
  1.3440969001464610e+005  1.2606805212557642e+005  4.2544781407971954e+004 -1.0377947134514156e+006  0.0000000000000000e+000  0.0000000000000000e+000  1.4792064988862367e+006
  1.3857519880640297e+005  1.3027868897146596e+005  4.3919343341064130e+004 -1.0372255898539695e+006  0.0000000000000000e+000  0.0000000000000000e+000  1.4899047945268727e+006
  1.4273103706948191e+005  1.3448089754244982e+005  4.5291562882156235e+004 -1.0366387402497861e+006  0.0000000000000000e+000  0.0000000000000000e+000  1.5005676912117065e+006
  1.4687694636203008e+005  1.3867439924287068e+005  4.6661369851796167e+004 -1.0360342288283474e+006  0.0000000000000000e+000  0.0000000000000000e+000  1.5111946313017178e+006
  1.5101267029585375e+005  1.4285891699701708e+005  4.8028694472372699e+004 -1.0354121215927599e+006  0.0000000000000000e+000  0.0000000000000000e+000  1.5217850626459948e+006
  1.5513795457896998e+005  1.4703417530032201e+005  4.9393467378778165e+004 -1.0347724863404734e+006  0.0000000000000000e+000  0.0000000000000000e+000  1.5323384386707351e+006
  1.5925254705771917e+005  1.5119990027038375e+005  5.0755619629062152e+004 -1.0341153926470922e+006  0.0000000000000000e+000  0.0000000000000000e+000  1.5428542184714589e+006
  1.6335619775753014e+005  1.5535581969685585e+005  5.2115082714771270e+004 -1.0334409118456837e+006  0.0000000000000000e+000  0.0000000000000000e+000  1.5533318668972102e+006
  1.6744865892349731e+005  1.5950166309126469e+005  5.3471788571298181e+004 -1.0327491170098018e+006  0.0000000000000000e+000  0.0000000000000000e+000  1.5637708546391230e+006
  1.7152968505931247e+005  1.6363716173547288e+005  5.4825669587890552e+004 -1.0320400829314238e+006  0.0000000000000000e+000  0.0000000000000000e+000  1.5741706583099598e+006
  1.7559903296629977e+005  1.6776204873041328e+005  5.6176658617751382e+004 -1.0313138861044033e+006  0.0000000000000000e+000  0.0000000000000000e+000  1.5845307605304131e+006
  1.7965646178072930e+005  1.7187605904313648e+005  5.7524688987712070e+004 -1.0305706047013116e+006  0.0000000000000000e+000  0.0000000000000000e+000  1.5948506500046379e+006
  1.8370173301068690e+005  1.7597892955391080e+005  5.8869694507918968e+004 -1.0298103185542939e+006  0.0000000000000000e+000  0.0000000000000000e+000  1.6051298215994770e+006
  1.8773461057202209e+005  1.8007039910224642e+005  6.0211609481295447e+004 -1.0290331091337415e+006  0.0000000000000000e+000  0.0000000000000000e+000  1.6153677764198387e+006
  1.9175486082336542e+005  1.8415020853233724e+005  6.1550368712859396e+004 -1.0282390595272321e+006  0.0000000000000000e+000  0.0000000000000000e+000  1.6255640218823340e+006
  1.9576225260005094e+005  1.8821810073756348e+005  6.2885907518791631e+004 -1.0274282544169578e+006  0.0000000000000000e+000  0.0000000000000000e+000  1.6357180717853438e+006
  1.9975655724754595e+005  1.9227382070458011e+005  6.4218161735458059e+004 -1.0266007800587671e+006  0.0000000000000000e+000  0.0000000000000000e+000  1.6458294463800318e+006
  2.0373754865341770e+005  1.9631711555616983e+005  6.5547067728109003e+004 -1.0257567242583871e+006  0.0000000000000000e+000  0.0000000000000000e+000  1.6558976724351544e+006
  2.0770500327897619e+005  2.0034773459388124e+005  6.6872562399575138e+004 -1.0248961763505797e+006  0.0000000000000000e+000  0.0000000000000000e+000  1.6659222833052960e+006
  2.1165870018921152e+005  2.0436542933912334e+005  6.8194583198544831e+004 -1.0240192271733524e+006  0.0000000000000000e+000  0.0000000000000000e+000  1.6759028189889893e+006
  2.1559842108266646e+005  2.0836995357434725e+005  6.9513068127934239e+004 -1.0231259690472848e+006  0.0000000000000000e+000  0.0000000000000000e+000  1.6858388261940093e+006
  2.1952395031956519e+005  2.1236106338251801e+005  7.0827955752825583e+004 -1.0222164957497679e+006  0.0000000000000000e+000  0.0000000000000000e+000  1.6957298583922379e+006
  2.2343507494967102e+005  2.1633851718657184e+005  7.2139185208444833e+004 -1.0212909024930048e+006  0.0000000000000000e+000  0.0000000000000000e+000  1.7055754758794233e+006
  2.2733158473829480e+005  2.2030207578706162e+005  7.3446696207643356e+004 -1.0203492858966860e+006  0.0000000000000000e+000  0.0000000000000000e+000  1.7153752458239226e+006
  2.3121327219262652e+005  2.2425150240028428e+005  7.4750429048644655e+004 -1.0193917439676510e+006  0.0000000000000000e+000  0.0000000000000000e+000  1.7251287423256594e+006
  2.3507993258565798e+005  2.2818656269403978e+005  7.6050324622092114e+004 -1.0184183760711658e+006  0.0000000000000000e+000  0.0000000000000000e+000  1.7348355464592942e+006
  2.3893136398013600e+005  2.3210702482361600e+005  7.7346324418264077e+004 -1.0174292829079622e+006  0.0000000000000000e+000  0.0000000000000000e+000  1.7444952463249187e+006
  2.4276736725131571e+005  2.3601265946653101e+005  7.8638370533992114e+004 -1.0164245664887823e+006  0.0000000000000000e+000  0.0000000000000000e+000  1.7541074370931713e+006
  2.4658774610821894e+005  2.3990323985608280e+005  7.9926405679268297e+004 -1.0154043301076993e+006  0.0000000000000000e+000  0.0000000000000000e+000  1.7636717210461337e+006
  2.5039230711475780e+005  2.4377854181461342e+005  8.1210373183861768e+004 -1.0143686783178300e+006  0.0000000000000000e+000  0.0000000000000000e+000  1.7731877076202619e+006
  2.5418085970932650e+005  2.4763834378550161e+005  8.2490217003623504e+004 -1.0133177169051084e+006  0.0000000000000000e+000  0.0000000000000000e+000  1.7826550134449375e+006
  2.5795321622337101e+005  2.5148242686405030e+005  8.3765881726528896e+004 -1.0122515528613434e+006  0.0000000000000000e+000  0.0000000000000000e+000  1.7920732623767394e+006
  2.6170919189898524e+005  2.5531057482764285e+005  8.5037312578580299e+004 -1.0111702943574380e+006  0.0000000000000000e+000  0.0000000000000000e+000  1.8014420855330275e+006
  2.6544860490628652e+005  2.5912257416558452e+005  8.6304455429715119e+004 -1.0100740507197652e+006  0.0000000000000000e+000  0.0000000000000000e+000  1.8107611213285304e+006
  2.6917127635835740e+005  2.6291821410663892e+005  8.7567256799048293e+004 -1.0089629323997637e+006  0.0000000000000000e+000  0.0000000000000000e+000  1.8200300154983262e+006
  2.7287703032663226e+005  2.6669728664702660e+005  8.8825663860402317e+004 -1.0078370509497578e+006  0.0000000000000000e+000  0.0000000000000000e+000  1.8292484211299634e+006
  2.7656569385424408e+005  2.7045958657648211e+005  9.0079624447270922e+004 -1.0066965189943792e+006  0.0000000000000000e+000  0.0000000000000000e+000  1.8384159986854047e+006
  2.8023709696901916e+005  2.7420491150390857e+005  9.1329087057797267e+004 -1.0055414502040541e+006  0.0000000000000000e+000  0.0000000000000000e+000  1.8475324160249357e+006
  2.8389107269558968e+005  2.7793306188226427e+005  9.2574000859578955e+004 -1.0043719592691299e+006  0.0000000000000000e+000  0.0000000000000000e+000  1.8565973484305148e+006
  2.8752745706564531e+005  2.8164384103156650e+005  9.3814315693970959e+004 -1.0031881618699781e+006  0.0000000000000000e+000  0.0000000000000000e+000  1.8656104786191545e+006
  2.9114608912797744e+005  2.8533705516168207e+005  9.5049982080456539e+004 -1.0019901746503580e+006  0.0000000000000000e+000  0.0000000000000000e+000  1.8745714967606913e+006
  2.9474681095810333e+005  2.8901251339479734e+005  9.6280951220983174e+004 -1.0007781151925490e+006  0.0000000000000000e+000  0.0000000000000000e+000  1.8834801004968728e+006
  2.9832946766470565e+005  2.9267002778464294e+005  9.7507175003379263e+004 -9.9955210198436852e+005  0.0000000000000000e+000  0.0000000000000000e+000  1.8923359949429359e+006
  3.0189390739825158e+005  2.9630941333785822e+005  9.8728606005581518e+004 -9.9831225439717795e+005  0.0000000000000000e+000  0.0000000000000000e+000  1.9011388927080282e+006
  3.0543998135584604e+005  2.9993048803176091e+005  9.9945197498766822e+004 -9.9705869265429827e+005  0.0000000000000000e+000  0.0000000000000000e+000  1.9098885138955298e+006
  3.0896754378679686e+005  3.0353307283258165e+005  1.0115690345078577e+005 -9.9579153780457564e+005  0.0000000000000000e+000  0.0000000000000000e+000  1.9185845861108457e+006
  3.1247645199682249e+005  3.0711699171249353e+005  1.0236367852932221e+005 -9.9451091169524204e+005  0.0000000000000000e+000  0.0000000000000000e+000  1.9272268444659552e+006
  3.1596656635053153e+005  3.1068207166488015e+005  1.0356547810452549e+005 -9.9321693694131204e+005  0.0000000000000000e+000  0.0000000000000000e+000  1.9358150315752518e+006
  3.1943775027478469e+005  3.1422814272031729e+005  1.0476225825208469e+005 -9.9190973690150410e+005  0.0000000000000000e+000  0.0000000000000000e+000  1.9443488975618943e+006
  3.2288987025918823e+005  3.1775503795990045e+005  1.0595397575547121e+005 -9.9058943564774573e+005  0.0000000000000000e+000  0.0000000000000000e+000  1.9528282000496727e+006
  3.2632279585668590e+005  3.2126259352834884e+005  1.0714058810825636e+005 -9.8925615793744067e+005  0.0000000000000000e+000  0.0000000000000000e+000  1.9612527041580433e+006
  3.2973639968329255e+005  3.2475064864646265e+005  1.0832205351634228e+005 -9.8791002918682364e+005  0.0000000000000000e+000  0.0000000000000000e+000  1.9696221824975312e+006
  3.3313055741633952e+005  3.2821904562185274e+005  1.0949833089971007e+005 -9.8655117544132064e+005  0.0000000000000000e+000  0.0000000000000000e+000  1.9779364151566706e+006
  3.3650514779279265e+005  3.3166762985982810e+005  1.1066937989436665e+005 -9.8517972335022886e+005  0.0000000000000000e+000  0.0000000000000000e+000  1.9861951896961667e+006
  3.3986005260536418e+005  3.3509624987192097e+005  1.1183516085360594e+005 -9.8379580013615498e+005  0.0000000000000000e+000  0.0000000000000000e+000  1.9943983011296354e+006
  3.4319515669884346e+005  3.3850475728458888e+005  1.1299563484947523e+005 -9.8239953356857633e+005  0.0000000000000000e+000  0.0000000000000000e+000  2.0025455519114644e+006
  3.4651034796519409e+005  3.4189300684670772e+005  1.1415076367392717e+005 -9.8099105193621467e+005  0.0000000000000000e+000  0.0000000000000000e+000  2.0106367519194034e+006
  3.4980551733809471e+005  3.4526085643624421e+005  1.1530050983983243e+005 -9.7957048402004258e+005  0.0000000000000000e+000  0.0000000000000000e+000  2.0186717184371022e+006
  3.5308055878569256e+005  3.4860816706527298e+005  1.1644483658157225e+005 -9.7813795906397188e+005  0.0000000000000000e+000  0.0000000000000000e+000  2.0266502761291475e+006
  3.5633536930357292e+005  3.5193480288498366e+005  1.1758370785572709e+005 -9.7669360674840200e+005  0.0000000000000000e+000  0.0000000000000000e+000  2.0345722570207156e+006
  3.5956984890646930e+005  3.5524063118937559e+005  1.1871708834145687e+005 -9.7523755716287100e+005  0.0000000000000000e+000  0.0000000000000000e+000  2.0424375004724213e+006
  3.6278390061961627e+005  3.5852552241854480e+005  1.1984494344085069e+005 -9.7376994077966653e+005  0.0000000000000000e+000  0.0000000000000000e+000  2.0502458531560251e+006
  3.6597743046778953e+005  3.6178935015947552e+005  1.2096723927859280e+005 -9.7229088842353667e+005  0.0000000000000000e+000  0.0000000000000000e+000  2.0579971690193729e+006
  3.6915034746613895e+005  3.6503199114865036e+005  1.2208394270232086e+005 -9.7080053124923073e+005  0.0000000000000000e+000  0.0000000000000000e+000  2.0656913092658462e+006
  3.7230256360749836e+005  3.6825332527085673e+005  1.2319502128183964e+005 -9.6929900071009598e+005  0.0000000000000000e+000  0.0000000000000000e+000  2.0733281423132163e+006
  3.7543399385119032e+005  3.7145323555958149e+005  1.2430044330898026e+005 -9.6778642853488796e+005  0.0000000000000000e+000  0.0000000000000000e+000  2.0809075437674399e+006
  3.7854455610918067e+005  3.7463160819443566e+005  1.2540017779661894e+005 -9.6626294669792929e+005  0.0000000000000000e+000  0.0000000000000000e+000  2.0884293963808571e+006
  3.8163417123373790e+005  3.7778833250015555e+005  1.2649419447824726e+005 -9.6472868739652017e+005  0.0000000000000000e+000  0.0000000000000000e+000  2.0958935900233109e+006
  3.8470276300146076e+005  3.8092330094163952e+005  1.2758246380644086e+005 -9.6318378301993618e+005  0.0000000000000000e+000  0.0000000000000000e+000  2.1033000216337629e+006
  3.8775025809944776e+005  3.8403640912129008e+005  1.2866495695213487e+005 -9.6162836612705514e+005  0.0000000000000000e+000  0.0000000000000000e+000  2.1106485951882796e+006
  3.9378167949006840e+005  3.9019664275946160e+005  1.3081250296254174e+005 -9.5848652571374096e+005  0.0000000000000000e+000  0.0000000000000000e+000  2.1251718189527546e+006
  3.9972790648701857e+005  3.9626826076582522e+005  1.3293661618544909e+005 -9.5530422900605376e+005  0.0000000000000000e+000  0.0000000000000000e+000  2.1394626321760081e+006
  4.0558845565459313e+005  4.0225054028626776e+005  1.3503709168576752e+005 -9.5208253990271583e+005  0.0000000000000000e+000  0.0000000000000000e+000  2.1535205154376160e+006
  4.1136288844051631e+005  4.0814280798947130e+005  1.3711373585168258e+005 -9.4882252254644397e+005  0.0000000000000000e+000  0.0000000000000000e+000  2.1673450574860098e+006
  4.1705081053783267e+005  4.1394443974664016e+005  1.3916636631952846e+005 -9.4552524053392000e+005  0.0000000000000000e+000  0.0000000000000000e+000  2.1809359536012025e+006
  4.2265187120946305e+005  4.1965486026390985e+005  1.4119481188936095e+005 -9.4219175613993336e+005  0.0000000000000000e+000  0.0000000000000000e+000  2.1942930038730409e+006
  4.2816576257828792e+005  4.2527354266971105e+005  1.4319891243187807e+005 -9.3882312955885543e+005  0.0000000000000000e+000  0.0000000000000000e+000  2.2074161114037009e+006
  4.3359221888192865e+005  4.3080000805617985e+005  1.4517851878609855e+005 -9.3542041815771128e+005  0.0000000000000000e+000  0.0000000000000000e+000  2.2203052804246661e+006
  4.3893101569790352e+005  4.3623382497983443e+005  1.4713349264942246e+005 -9.3198467575028143e+005  0.0000000000000000e+000  0.0000000000000000e+000  2.2329606143527036e+006
  4.4418196913797769e+005  4.4157460892016831e+005  1.4906370645935767e+005 -9.2851695188585226e+005  0.0000000000000000e+000  0.0000000000000000e+000  2.2453823137723478e+006
  4.4934493501536414e+005  4.4682202169934707e+005  1.5096904326782282e+005 -9.2501829115642689e+005  0.0000000000000000e+000  0.0000000000000000e+000  2.2575706743575144e+006
  4.5441980798587546e+005  4.5197577086438984e+005  1.5284939660821686e+005 -9.2148973252235062e+005  0.0000000000000000e+000  0.0000000000000000e+000  2.2695260847349032e+006
  4.5940652066476503e+005  4.5703560903253226e+005  1.5470467035533465e+005 -9.1793230865459738e+005  0.0000000000000000e+000  0.0000000000000000e+000  2.2812490242881244e+006
  4.6430504272368830e+005  4.6200133320506272e+005  1.5653477857955563e+005 -9.1434704530160211e+005  0.0000000000000000e+000  0.0000000000000000e+000  2.2927400609250749e+006
  4.6911537996395066e+005  4.6687278404480842e+005  1.5833964539357772e+005 -9.1073496066711715e+005  0.0000000000000000e+000  0.0000000000000000e+000  2.3039998487788485e+006
  4.7383757337598823e+005  4.7164984512765193e+005  1.6011920479484441e+005 -9.0709706481724617e+005  0.0000000000000000e+000  0.0000000000000000e+000  2.3150291258903677e+006
  4.7847169817830710e+005  4.7633244216080016e+005  1.6187340050109310e+005 -9.0343435909883748e+005  0.0000000000000000e+000  0.0000000000000000e+000  2.3258287118314924e+006
  4.8301786284597433e+005  4.8092054217836674e+005  1.6360218578213538e+005 -8.9974783558655623e+005  0.0000000000000000e+000  0.0000000000000000e+000  2.3363995053162999e+006
  4.8747620812259323e+005  4.8541415270749899e+005  1.6530552328559459e+005 -8.9603847654237808e+005  0.0000000000000000e+000  0.0000000000000000e+000  2.3467424817624157e+006
  4.9184690602491261e+005  4.8981332091493101e+005  1.6698338485943692e+005 -8.9230725390316022e+005  0.0000000000000000e+000  0.0000000000000000e+000  2.3568586908456692e+006
  4.9613015883536276e+005  4.9411813272855541e+005  1.6863575136941383e+005 -8.8855512878285930e+005  0.0000000000000000e+000  0.0000000000000000e+000  2.3667492540182141e+006
  5.0032619808939000e+005  4.9832871194152272e+005  1.7026261251357076e+005 -8.8478305100052943e+005  0.0000000000000000e+000  0.0000000000000000e+000  2.3764153620211235e+006
  5.0443528355587326e+005  5.0244521929695219e+005  1.7186396663299046e+005 -8.8099195862677356e+005  0.0000000000000000e+000  0.0000000000000000e+000  2.3858582723774919e+006
  5.0845770221341884e+005  5.0646785155594454e+005  1.7343982051940158e+005 -8.7718277755099034e+005  0.0000000000000000e+000  0.0000000000000000e+000  2.3950793068744345e+006
  5.1239376722453354e+005  5.1039684055146138e+005  1.7499018922029913e+005 -8.7335642107113090e+005  0.0000000000000000e+000  0.0000000000000000e+000  2.4040798490429875e+006
  5.1624381690816861e+005  5.1423245222829818e+005  1.7651509584137221e+005 -8.6951378950252198e+005  0.0000000000000000e+000  0.0000000000000000e+000  2.4128613416306172e+006
  5.2000821371357457e+005  5.1797498567249608e+005  1.7801457134715069e+005 -8.6565576980961813e+005  0.0000000000000000e+000  0.0000000000000000e+000  2.4214252840789887e+006
  5.2368734319506277e+005  5.2162477212977136e+005  1.7948865435946381e+005 -8.6178323525652802e+005  0.0000000000000000e+000  0.0000000000000000e+000  2.4297732300012666e+006
  5.2728161299089924e+005  5.2518217401649337e+005  1.8093739095472341e+005 -8.5789704507956782e+005  0.0000000000000000e+000  0.0000000000000000e+000  2.4379067846693965e+006
  5.3079145180587994e+005  5.2864758392291784e+005  1.8236083445961861e+005 -8.5399804417873535e+005  0.0000000000000000e+000  0.0000000000000000e+000  2.4458276025081160e+006
  5.3421730840044585e+005  5.3202142361174338e+005  1.8375904524612776e+005 -8.5008706283051020e+005  0.0000000000000000e+000  0.0000000000000000e+000  2.4535373846043688e+006
  5.3755965058645676e+005  5.3530414301244414e+005  1.8513209052564908e+005 -8.4616491641987802e+005  0.0000000000000000e+000  0.0000000000000000e+000  2.4610378762309738e+006
  5.4081896423161996e+005  5.3849621921339759e+005  1.8648004414286805e+005 -8.4223240519249905e+005  0.0000000000000000e+000  0.0000000000000000e+000  2.4683308643895090e+006
  5.4399575227255968e+005  5.4159815545243910e+005  1.8780298636923457e+005 -8.3829031402575248e+005  0.0000000000000000e+000  0.0000000000000000e+000  2.4754181753729954e+006
  5.4709053373913583e+005  5.4461048010811617e+005  1.8910100369671069e+005 -8.3433941221927362e+005  0.0000000000000000e+000  0.0000000000000000e+000  2.4823016723526102e+006
  5.5010384278992994e+005  5.4753374569261319e+005  1.9037418863179290e+005 -8.3038045330471720e+005  0.0000000000000000e+000  0.0000000000000000e+000  2.4889832529923073e+006
  5.5303622775857477e+005  5.5036852784568502e+005  1.9162263948955489e+005 -8.2641417487114517e+005  0.0000000000000000e+000  0.0000000000000000e+000  2.4954648470820002e+006
  5.5588825021609745e+005  5.5311542433542269e+005  1.9284646018934847e+005 -8.2244129841317411e+005  0.0000000000000000e+000  0.0000000000000000e+000  2.5017484142151009e+006
  5.5866048404507805e+005  5.5577505406169232e+005  1.9404576005065313e+005 -8.1846252919282555e+005  0.0000000000000000e+000  0.0000000000000000e+000  2.5078359414864932e+006
  5.6135351452919573e+005  5.5834805606657278e+005  1.9522065359032725e+005 -8.1447855612004059e+005  0.0000000000000000e+000  0.0000000000000000e+000  2.5137294412276270e+006
  5.6396793745812203e+005  5.6083508855153958e+005  1.9637126032102914e+005 -8.1049005164944835e+005  0.0000000000000000e+000  0.0000000000000000e+000  2.5194309487753669e+006
  5.6650435825025931e+005  5.6323682790464698e+005  1.9749770455177268e+005 -8.0649767169626232e+005  0.0000000000000000e+000  0.0000000000000000e+000  2.5249425202861177e+006
  5.6896339108950680e+005  5.6555396773411043e+005  1.9860011518917402e+005 -8.0250205556399853e+005  0.0000000000000000e+000  0.0000000000000000e+000  2.5302662305754302e+006
  5.7134565808115294e+005  5.6778721791352390e+005  1.9967862554104495e+005 -7.9850382589012536e+005  0.0000000000000000e+000  0.0000000000000000e+000  2.5354041710047713e+006
  5.7365178842634102e+005  5.6993730363888666e+005  2.0073337312234018e+005 -7.9450358860830986e+005  0.0000000000000000e+000  0.0000000000000000e+000  2.5403584474132410e+006
  5.7588241761253204e+005  5.7200496449478506e+005  2.0176449946229384e+005 -7.9050193292138993e+005  0.0000000000000000e+000  0.0000000000000000e+000  2.5451311780801816e+006
  5.7803818662513897e+005  5.7399095353574888e+005  2.0277214991472219e+005 -7.8649943129269383e+005  0.0000000000000000e+000  0.0000000000000000e+000  2.5497244917428256e+006
  5.8011974117640813e+005  5.7589603637850808e+005  2.0375647346998323e+005 -7.8249663944768521e+005  0.0000000000000000e+000  0.0000000000000000e+000  2.5541405256479443e+006
  5.8212773095559387e+005  5.7772099031051248e+005  2.0471762257016671e+005 -7.7849409639233083e+005  0.0000000000000000e+000  0.0000000000000000e+000  2.5583814236592990e+006
  5.8406280889682891e+005  5.7946660341026075e+005  2.0565575292605799e+005 -7.7449232444063388e+005  0.0000000000000000e+000  0.0000000000000000e+000  2.5624493343981691e+006
  5.8592563046890555e+005  5.8113367368531378e+005  2.0657102333764927e+005 -7.7049182925800805e+005  0.0000000000000000e+000  0.0000000000000000e+000  2.5663464094430674e+006
  5.8771685298376135e+005  5.8272300822388206e+005  2.0746359551680970e+005 -7.6649309991400479e+005  0.0000000000000000e+000  0.0000000000000000e+000  2.5700748015659824e+006
  5.8943713492631225e+005  5.8423542236402398e+005  2.0833363391331237e+005 -7.6249660894824844e+005  0.0000000000000000e+000  0.0000000000000000e+000  2.5736366630238602e+006
  5.9108713530308160e+005  5.8567173887743650e+005  2.0918130554320035e+005 -7.5850281244484917e+005  0.0000000000000000e+000  0.0000000000000000e+000  2.5770341438877885e+006
  5.9266751301428722e+005  5.8703278717334208e+005  2.1000677982126665e+005 -7.5451215012160118e+005  0.0000000000000000e+000  0.0000000000000000e+000  2.5802693904353254e+006
  5.9417892624285410e+005  5.8831940251603280e+005  2.1081022839539373e+005 -7.5052504542423110e+005  0.0000000000000000e+000  0.0000000000000000e+000  2.5833445435740389e+006
  5.9562203186620132e+005  5.8953242526240519e+005  2.1159182498483366e+005 -7.4654190563324874e+005  0.0000000000000000e+000  0.0000000000000000e+000  2.5862617373236539e+006
  5.9699748488927027e+005  5.9067270011796290e+005  2.1235174522194549e+005 -7.4256312198086467e+005  0.0000000000000000e+000  0.0000000000000000e+000  2.5890230973490966e+006
  5.9830593789492873e+005  5.9174107540815440e+005  2.1309016649616923e+005 -7.3858906977258180e+005  0.0000000000000000e+000  0.0000000000000000e+000  2.5916307395290174e+006
  5.9954804051772179e+005  5.9273840237107442e+005  2.1380726780232199e+005 -7.3462010852094111e+005  0.0000000000000000e+000  0.0000000000000000e+000  2.5940867685851725e+006
  6.0072443893627147e+005  5.9366553446697816e+005  2.1450322959169312e+005 -7.3065658208488068e+005  0.0000000000000000e+000  0.0000000000000000e+000  2.5963932767525427e+006
  6.0183577538675023e+005  5.9452332670777861e+005  2.1517823362684977e+005 -7.2669881881786976e+005  0.0000000000000000e+000  0.0000000000000000e+000  2.5985523425022140e+006
  6.0386580883102911e+005  5.9603431553339516e+005  2.1646610119217055e+005 -7.1880181860737479e+005  0.0000000000000000e+000  0.0000000000000000e+000  2.6024363844576948e+006
  6.0547667306140135e+005  5.9716564972607046e+005  2.1755535181667728e+005 -7.1171721060677897e+005  0.0000000000000000e+000  0.0000000000000000e+000  2.6054482958875876e+006
  6.0688649704247166e+005  5.9808562386938184e+005  2.1857957136590869e+005 -7.0465569009694480e+005  0.0000000000000000e+000  0.0000000000000000e+000  2.6080140637420858e+006
  6.0809882676097262e+005  5.9879919899298332e+005  2.1953984938534835e+005 -6.9761863313894358e+005  0.0000000000000000e+000  0.0000000000000000e+000  2.6101451605004538e+006
  6.0911713470181194e+005  5.9931130544881173e+005  2.2043727877567409e+005 -6.9060726686821796e+005  0.0000000000000000e+000  0.0000000000000000e+000  2.6118528281769538e+006
  6.0994481387350766e+005  5.9962683345390134e+005  2.2127295363037949e+005 -6.8362267318862537e+005  0.0000000000000000e+000  0.0000000000000000e+000  2.6131480619042325e+006
  6.1058517242468346e+005  5.9975062426458474e+005  2.2204796718870083e+005 -6.7666579257902061e+005  0.0000000000000000e+000  0.0000000000000000e+000  2.6140415949517507e+006
  6.1104142883490177e+005  5.9968746197804366e+005  2.2276340990446866e+005 -6.6973742799829144e+005  0.0000000000000000e+000  0.0000000000000000e+000  2.6145438851585528e+006
  6.1131670765254332e+005  5.9944206594421843e+005  2.2342036762733289e+005 -6.6283824886266130e+005  0.0000000000000000e+000  0.0000000000000000e+000  2.6146651027058563e+006
  6.1141403576267371e+005  5.9901908378149336e+005  2.2401991989697784e+005 -6.5596879508548393e+005  0.0000000000000000e+000  0.0000000000000000e+000  2.6144151192104593e+006
  6.1133633915893943e+005  5.9842308497851575e+005  2.2456313834709630e+005 -6.4912948115834175e+005  0.0000000000000000e+000  0.0000000000000000e+000  2.6138034980709539e+006
  6.1108644019686419e+005  5.9765855506785703e+005  2.2505108521742420e+005 -6.4232060025990137e+005  0.0000000000000000e+000  0.0000000000000000e+000  2.6128394860224947e+006
  6.1066705530503148e+005  5.9672989035503624e+005  2.2548481197165904e+005 -6.3554232837762346e+005  0.0000000000000000e+000  0.0000000000000000e+000  2.6115320058471798e+006
  6.1008079312972748e+005  5.9564139318444987e+005  2.2586535801830995e+005 -6.2879472842892853e+005  0.0000000000000000e+000  0.0000000000000000e+000  2.6098896501830439e+006
  6.0933015309321473e+005  5.9439726772773638e+005  2.2619374953349985e+005 -6.2207775437306904e+005  0.0000000000000000e+000  0.0000000000000000e+000  2.6079206763965045e+006
  6.0841752433747391e+005  5.9300161627129058e+005  2.2647099838114571e+005 -6.1539125529786816e+005  0.0000000000000000e+000  0.0000000000000000e+000  2.6056330024442622e+006
  6.0734518503478286e+005  5.9145843598730641e+005  2.2669810112927511e+005 -6.0873497947525419e+005  0.0000000000000000e+000  0.0000000000000000e+000  2.6030342036888972e+006
  6.0611530204106343e+005  5.8977161616769328e+005  2.2687603815918285e+005 -6.0210857837528002e+005  0.0000000000000000e+000  0.0000000000000000e+000  2.6001315106125353e+006
  6.0472993087163393e+005  5.8794493590309552e+005  2.2700577286516537e+005 -5.9551161063175928e+005  0.0000000000000000e+000  0.0000000000000000e+000  2.5969318073842949e+006
  6.0319101597501372e+005  5.8598206218320085e+005  2.2708825094056909e+005 -5.8894354594898329e+005  0.0000000000000000e+000  0.0000000000000000e+000  2.5934416312152455e+006
  6.0150039129033801e+005  5.8388654840644461e+005  2.2712439975002137e+005 -5.8240376895022148e+005  0.0000000000000000e+000  0.0000000000000000e+000  2.5896671724875262e+006
  5.9965978106194641e+005  5.8166183327141707e+005  2.2711512778194601e+005 -5.7589158295448835e+005  0.0000000000000000e+000  0.0000000000000000e+000  2.5856142755725943e+006
  5.9767080089713749e+005  5.7931124003761285e+005  2.2706132418087331e+005 -5.6940621368341497e+005  0.0000000000000000e+000  0.0000000000000000e+000  2.5812884403249761e+006
  5.9553495904671005e+005  5.7683797613327461e+005  2.2696385835568517e+005 -5.6294681289105304e+005  0.0000000000000000e+000  0.0000000000000000e+000  2.5766948241937370e+006
  5.9325365789201541e+005  5.7424513309386594e+005  2.2682357966136624e+005 -5.5651246191499569e+005  0.0000000000000000e+000  0.0000000000000000e+000  2.5718382449164977e+006
  5.9082819562063168e+005  5.7153568681185762e+005  2.2664131715130006e+005 -5.5010217514500138e+005  0.0000000000000000e+000  0.0000000000000000e+000  2.5667231837543231e+006
  5.8825976807631867e+005  5.6871249808134907e+005  2.2641787939743884e+005 -5.4371490340809803e+005  0.0000000000000000e+000  0.0000000000000000e+000  2.5613537892292440e+006
  5.8554947076725482e+005  5.6577831342052470e+005  2.2615405437581573e+005 -5.3734953726841696e+005  0.0000000000000000e+000  0.0000000000000000e+000  2.5557338813328184e+006
  5.8269830102008919e+005  5.6273576615596912e+005  2.2585060941484268e+005 -5.3100491024148080e+005  0.0000000000000000e+000  0.0000000000000000e+000  2.5498669561702632e+006
  5.7970716026378598e+005  5.5958737775205204e+005  2.2550829120326880e+005 -5.2467980192110676e+005  0.0000000000000000e+000  0.0000000000000000e+000  2.5437561910045841e+006
  5.7657685643433407e+005  5.5633555937206722e+005  2.2512782585610260e+005 -5.1837294102099625e+005  0.0000000000000000e+000  0.0000000000000000e+000  2.5374044496786343e+006
  5.7330810648432537e+005  5.5298261365364317e+005  2.2470991903470492e+005 -5.1208300832841935e+005  0.0000000000000000e+000  0.0000000000000000e+000  2.5308142883726619e+006
  5.6990153899101063e+005  5.4953073668897583e+005  2.2425525612035385e+005 -5.0580863957480434e+005  0.0000000000000000e+000  0.0000000000000000e+000  2.5239879616914480e+006
  5.6635769684850785e+005  5.4598202019191033e+005  2.2376450243700590e+005 -4.9954842821997183e+005  0.0000000000000000e+000  0.0000000000000000e+000  2.5169274290337795e+006
  5.6267704003724735e+005  5.4233845384273480e+005  2.2323830352215772e+005 -4.9330092815445020e+005  0.0000000000000000e+000  0.0000000000000000e+000  2.5096343612364284e+006
  5.5885994845964364e+005  5.3860192779628735e+005  2.2267728544266327e+005 -4.8706465631940792e+005  0.0000000000000000e+000  0.0000000000000000e+000  2.5021101474614074e+006
  5.5490672483636113e+005  5.3477423534462973e+005  2.2208205515397814e+005 -4.8083809524807561e+005  0.0000000000000000e+000  0.0000000000000000e+000  2.4943559023160180e+006
  5.5081759765223647e+005  5.3085707572027866e+005  2.2145320089952770e+005 -4.7461969552794099e+005  0.0000000000000000e+000  0.0000000000000000e+000  2.4863724731732835e+006
  5.4659272414765891e+005  5.2685205703320890e+005  2.2079129264908793e+005 -4.6840787818870641e+005  0.0000000000000000e+000  0.0000000000000000e+000  2.4781604476911281e+006
  5.4223219334593159e+005  5.2276069932808424e+005  2.2009688257242387e+005 -4.6220103701493802e+005  0.0000000000000000e+000  0.0000000000000000e+000  2.4697201614943040e+006
  5.3773602911405033e+005  5.1858443775756506e+005  2.1937050554808372e+005 -4.5599754078973940e+005  0.0000000000000000e+000  0.0000000000000000e+000  2.4610517060294803e+006
  5.3310419324713980e+005  5.1432462585797755e+005  2.1861267970271184e+005 -4.4979573546773952e+005  0.0000000000000000e+000  0.0000000000000000e+000  2.4521549365519416e+006
  5.2833658857592393e+005  5.0998253892421583e+005  2.1782390698111075e+005 -4.4359394628380577e+005  0.0000000000000000e+000  0.0000000000000000e+000  2.4430294802576443e+006
  5.2343306208732439e+005  5.0555937747138151e+005  2.1700467374249993e+005 -4.3739047979592968e+005  0.0000000000000000e+000  0.0000000000000000e+000  2.4336747445237953e+006
  5.1839340805955697e+005  5.0105627078180533e+005  2.1615545138329812e+005 -4.3118362586943450e+005  0.0000000000000000e+000  0.0000000000000000e+000  2.4240899252735083e+006
  5.1321737120239914e+005  4.9647428052489640e+005  2.1527669698179641e+005 -4.2497165960051143e+005  0.0000000000000000e+000  0.0000000000000000e+000  2.4142740154283764e+006
  5.0790464980267518e+005  4.9181440444829070e+005  2.1436885396450039e+005 -4.1875284318521200e+005  0.0000000000000000e+000  0.0000000000000000e+000  2.4042258134612478e+006
  5.0245489886993880e+005  4.8707758013215300e+005  2.1343235279094736e+005 -4.1252542773448309e+005  0.0000000000000000e+000  0.0000000000000000e+000  2.3939439320301134e+006
  4.9686773327956221e+005  4.8226468880141294e+005  2.1246761165497985e+005 -4.0628765503846743e+005  0.0000000000000000e+000  0.0000000000000000e+000  2.3834268066867637e+006
  4.9114273091150069e+005  4.7737655919220968e+005  2.1147503720085218e+005 -4.0003775928304379e+005  0.0000000000000000e+000  0.0000000000000000e+000  2.3726727046607947e+006
  4.8527943577927625e+005  4.7241397146428388e+005  2.1045502525047469e+005 -3.9377396871879784e+005  0.0000000000000000e+000  0.0000000000000000e+000  2.3616797336949813e+006
  4.7927736115190003e+005  4.6737766116028436e+005  2.0940796154201042e+005 -3.8749450728917512e+005  0.0000000000000000e+000  0.0000000000000000e+000  2.3504458509554481e+006
  4.7313599266005529e+005  4.6226832320033072e+005  2.0833422247431139e+005 -3.8119759621401888e+005  0.0000000000000000e+000  0.0000000000000000e+000  2.3389688719730759e+006
  4.6685479139244097e+005  4.5708661591615080e+005  2.0723417585861048e+005 -3.7488145553798683e+005  0.0000000000000000e+000  0.0000000000000000e+000  2.3272464796546502e+006
  4.6043319697246526e+005  4.5183316511232377e+005  2.0610818167148923e+005 -3.6854430563870672e+005  0.0000000000000000e+000  0.0000000000000000e+000  2.3152762333167461e+006
  4.5387063062102249e+005  4.4650856815779337e+005  2.0495659280966813e+005 -3.6218436870277621e+005  0.0000000000000000e+000  0.0000000000000000e+000  2.3030555777723985e+006
  4.4716649819867540e+005  4.4111339809937793e+005  2.0377975584246975e+005 -3.5579987016774301e+005  0.0000000000000000e+000  0.0000000000000000e+000  2.2905818524453132e+006
  4.4032019322860031e+005  4.3564820779484930e+005  2.0257801175969135e+005 -3.4938904013305914e+005  0.0000000000000000e+000  0.0000000000000000e+000  2.2778523005113890e+006
  4.3333109990013845e+005  4.3011353406456078e+005  2.0135169671388491e+005 -3.4295011474382883e+005  0.0000000000000000e+000  0.0000000000000000e+000  2.2648640780790779e+006
  4.2619859604889457e+005  4.2450990185313998e+005  2.0010114275198174e+005 -3.3648133754512580e+005  0.0000000000000000e+000  0.0000000000000000e+000  2.2516142633786309e+006
  4.1892205611532420e+005  4.1883782840154739e+005  1.9882667853575750e+005 -3.2998096081170550e+005  0.0000000000000000e+000  0.0000000000000000e+000  2.2380998659778731e+006
  4.1150085408112459e+005  4.1309782742539613e+005  1.9752863004789865e+005 -3.2344724685409880e+005  0.0000000000000000e+000  0.0000000000000000e+000  2.2243178360159793e+006
  4.0393436638107669e+005  4.0729041329352994e+005  1.9620732128025449e+005 -3.1687846930093929e+005  0.0000000000000000e+000  0.0000000000000000e+000  2.2102650734420945e+006
  3.9622197479143768e+005  4.0141610520540026e+005  1.9486307490241327e+005 -3.1027291436030541e+005  0.0000000000000000e+000  0.0000000000000000e+000  2.1959384372667479e+006
  3.8836306929522956e+005  3.9547543136283301e+005  1.9349621290762845e+005 -3.0362888206132205e+005  0.0000000000000000e+000  0.0000000000000000e+000  2.1813347548176777e+006
  3.8035705092262547e+005  3.8946893313138629e+005  1.9210705723286001e+005 -2.9694468747615087e+005  0.0000000000000000e+000  0.0000000000000000e+000  2.1664508309945702e+006
  3.7220333456814056e+005  3.8339716918718925e+005  1.9069593035015190e+005 -2.9021866192416422e+005  0.0000000000000000e+000  0.0000000000000000e+000  2.1512834575174898e+006
  3.6390135178385332e+005  3.7726071964594949e+005  1.8926315582701471e+005 -2.8344915415909310e+005  0.0000000000000000e+000  0.0000000000000000e+000  2.1358294221725371e+006
  3.5545055355011445e+005  3.7106019016806351e+005  1.8780905885200825e+005 -2.7663453154011577e+005  0.0000000000000000e+000  0.0000000000000000e+000  2.1200855180403562e+006
  3.4685041302292270e+005  3.6479621603534790e+005  1.8633396672275831e+005 -2.6977318118694285e+005  0.0000000000000000e+000  0.0000000000000000e+000  2.1040485527064237e+006
  3.3810042826028552e+005  3.5846946619483148e+005  1.8483820929381208e+005 -2.6286351112084830e+005  0.0000000000000000e+000  0.0000000000000000e+000  2.0877153574517292e+006
  3.2920012492767448e+005  3.5208064726342115e+005  1.8332211938080646e+005 -2.5590395139116782e+005  0.0000000000000000e+000  0.0000000000000000e+000  2.0710827964137960e+006
  3.2014905898312008e+005  3.4563050748746743e+005  1.8178603311773657e+005 -2.4889295518789461e+005  0.0000000000000000e+000  0.0000000000000000e+000  2.0541477757122051e+006
  3.1094681934512273e+005  3.3911984065204178e+005  1.8023029026475368e+005 -2.4182899994165855e+005  0.0000000000000000e+000  0.0000000000000000e+000  2.0369072525363353e+006
  3.0159303054273024e+005  3.3254948993224668e+005  1.7865523446284930e+005 -2.3471058841024429e+005  0.0000000000000000e+000  0.0000000000000000e+000  2.0193582441856982e+006
  2.9208735535133275e+005  3.2592035168070998e+005  1.7706121343274164e+005 -2.2753624975301314e+005  0.0000000000000000e+000  0.0000000000000000e+000  2.0014978370585772e+006
  2.8242949741545704e+005  3.1923337914403074e+005  1.7544857911498519e+005 -2.2030454059325188e+005  0.0000000000000000e+000  0.0000000000000000e+000  1.9833231955842343e+006
  2.7261920386043278e+005  3.1248958609886939e+005  1.7381768774723270e+005 -2.1301404606782694e+005  0.0000000000000000e+000  0.0000000000000000e+000  1.9648315710807880e+006
  2.6265626789622178e+005  3.0569005040247156e+005  1.7216889987738713e+005 -2.0566338086569868e+005  0.0000000000000000e+000  0.0000000000000000e+000  1.9460203105492739e+006
  2.5254053141564084e+005  2.9883591744646878e+005  1.7050258030809890e+005 -1.9825119025423782e+005  0.0000000000000000e+000  0.0000000000000000e+000  1.9268868653787335e+006
  2.4227188758972453e+005  2.9192840350643796e+005  1.6881909797041464e+005 -1.9077615109368120e+005  0.0000000000000000e+000  0.0000000000000000e+000  1.9074287999629690e+006
  2.3185028346479041e+005  2.8496879897842760e+005  1.6711882572433187e+005 -1.8323697284071348e+005  0.0000000000000000e+000  0.0000000000000000e+000  1.8876438002247706e+006
  2.2127572256248703e+005  2.7795847149057192e+005  1.6540214008208859e+005 -1.7563239853927610e+005  0.0000000000000000e+000  0.0000000000000000e+000  1.8675296820238610e+006
  2.1054826749009304e+005  2.7089886888311146e+005  1.6366942085381201e+005 -1.6796120580126988e+005  0.0000000000000000e+000  0.0000000000000000e+000  1.8470843994631916e+006
  1.9966804256048461e+005  2.6379152204157750e+005  1.6192105071064361e+005 -1.6022220777377699e+005  0.0000000000000000e+000  0.0000000000000000e+000  1.8263060530566368e+006
  1.8863523643133859e+005  2.5663804757700930e+005  1.6015741466521902e+005 -1.5241425409631035e+005  0.0000000000000000e+000  0.0000000000000000e+000  1.8051928977738065e+006
  1.7745010476372173e+005  2.4944015033801770e+005  1.5837889946639276e+005 -1.4453623184498848e+005  0.0000000000000000e+000  0.0000000000000000e+000  1.7837433509383658e+006
  1.6611297290874747e+005  2.4219962574482933e+005  1.5658589290625756e+005 -1.3658706646604490e+005  0.0000000000000000e+000  0.0000000000000000e+000  1.7619559999719150e+006
  1.5462423862428474e+005  2.3491836193257818e+005  1.5477878303867357e+005 -1.2856572269662379e+005  0.0000000000000000e+000  0.0000000000000000e+000  1.7398296099798046e+006
  1.4298437482976390e+005  2.2759834169107521e+005  1.5295795730718225e+005 -1.2047120547432803e+005  0.0000000000000000e+000  0.0000000000000000e+000  1.7173631311626900e+006
  1.3119393240387060e+005  2.2024164418843685e+005  1.5112380158138750e+005 -1.1230256083484192e+005  0.0000000000000000e+000  0.0000000000000000e+000  1.6945557060446958e+006
  1.1925354303021025e+005  2.1285044646491733e+005  1.4927669910149969e+005 -1.0405887679735861e+005  0.0000000000000000e+000  0.0000000000000000e+000  1.6714066765125617e+006
  1.0716392209899821e+005  2.0542702468436022e+005  1.4741702933033297e+005 -9.5739284238721535e+004  0.0000000000000000e+000  0.0000000000000000e+000  1.6479155906533520e+006
  9.4925871670273453e+004  1.9797375512795875e+005  1.4554516671216447e+005 -8.7342957755647556e+004  0.0000000000000000e+000  0.0000000000000000e+000  1.6240822093752623e+006
  8.2540283504683452e+004  1.9049311491779529e+005  1.4366147933991544e+005 -7.8869116515040776e+004  0.0000000000000000e+000  0.0000000000000000e+000  1.5999065128122517e+006
  7.0008142169620536e+004  1.8298768245530198e+005  1.4176632753060432e+005 -7.0317025093051227e+004  0.0000000000000000e+000  0.0000000000000000e+000  1.5753887064955740e+006
  5.7330528227563744e+004  1.7546013756016374e+005  1.3986006231017728e+005 -6.1685994302787636e+004  0.0000000000000000e+000  0.0000000000000000e+000  1.5505292272808179e+006
  4.4508621512755388e+004  1.6791326129590056e+005  1.3794302381006660e+005 -5.2975382010501817e+004  0.0000000000000000e+000  0.0000000000000000e+000  1.5253287490282313e+006
  3.1543704504493599e+004  1.6034993546765455e+005  1.3601553957715680e+005 -4.4184593941333682e+004  0.0000000000000000e+000  0.0000000000000000e+000  1.4997881880220000e+006
  1.8437165803096603e+004  1.5277314177748159e+005  1.3407792280001153e+005 -3.5313084473965675e+004  0.0000000000000000e+000  0.0000000000000000e+000  1.4739087081204201e+006
  5.1905037161771634e+003  1.4518596062307883e+005  1.3213047045434825e+005 -2.6360357424955317e+004  0.0000000000000000e+000  0.0000000000000000e+000  1.4476917256263325e+006
 -8.1946700380487528e+003  1.3759156952634739e+005  1.3017346137210284e+005 -1.7325966823203922e+004  0.0000000000000000e+000  0.0000000000000000e+000  1.4211389138735321e+006
 -2.1716626502942439e+004  1.2999324117790666e+005  1.2820715423824698e+005 -8.2095176748074373e+003  0.0000000000000000e+000  0.0000000000000000e+000  1.3942522075196286e+006
 -3.5373515525656636e+004  1.2239434108407494e+005  1.2623178552040942e+005  9.8933328133571717e+002  0.0000000000000000e+000  0.0000000000000000e+000  1.3670338065359886e+006
 -4.9163361661897055e+004  1.1479832480343524e+005  1.2424756733711665e+005  1.0270876826660697e+004  0.0000000000000000e+000  0.0000000000000000e+000  1.3394861798902331e+006
 -6.3084059938100851e+004  1.0720873476036519e+005  1.2225468527102051e+005  1.9635350524538488e+004  0.0000000000000000e+000  0.0000000000000000e+000  1.3116120689121513e+006
 -7.7133371464046373e+004  9.9629196624933975e+004  1.2025329613436491e+005  2.9082937988858077e+004  0.0000000000000000e+000  0.0000000000000000e+000  1.2834144903420275e+006
 -9.1308918891840513e+004  9.2063415246021919e+004  1.1824352569387642e+005  3.8613768160286862e+004  0.0000000000000000e+000  0.0000000000000000e+000  1.2548967390461355e+006
 -1.0560818171712273e+005  8.4515170129977778e+004  1.1622546636501863e+005  4.8227914589137996e+004  0.0000000000000000e+000  0.0000000000000000e+000  1.2260623904114112e+006
 -1.2002849141675116e+005  7.6988310453102502e+004  1.1419917488284610e+005  5.7925394724030433e+004  0.0000000000000000e+000  0.0000000000000000e+000  1.1969153023944173e+006
 -1.3456702642052094e+005  6.9486749602212221e+004  1.1216466996135346e+005  6.7706169205373837e+004  0.0000000000000000e+000  0.0000000000000000e+000  1.1674596172408026e+006
 -1.4922080691629910e+005  6.2014459233826878e+004  1.1012192995095333e+005  7.7570141164909874e+004  0.0000000000000000e+000  0.0000000000000000e+000  1.1376997628596649e+006
 -1.6398668948329196e+005  5.4575462848260373e+004  1.0807089050585599e+005  8.7517155528125004e+004  0.0000000000000000e+000  0.0000000000000000e+000  1.1076404538574154e+006
 -1.7886136155665500e+005  4.7173828872858001e+004  1.0601144227353376e+005  9.7546998321021558e+004  0.0000000000000000e+000  0.0000000000000000e+000  1.0772866922273096e+006
 -1.9384133572196320e+005  3.9813663252597747e+004  1.0394342861949930e+005  1.0765939597988239e+005  0.0000000000000000e+000  0.0000000000000000e+000  1.0466437676980782e+006
 -2.0892294384152291e+005  3.2499101546273818e+004  1.0186664340065967e+005  1.1785401466320771e+005  0.0000000000000000e+000  0.0000000000000000e+000  1.0157172577388012e+006
 -2.2410233101690508e+005  2.5234300528882643e+004  9.9780828801917960e+004  1.2813045956643161e+005  0.0000000000000000e+000  0.0000000000000000e+000  9.8451302722399123e+005
 -2.3937544939025806e+005  1.8023429303145665e+004  9.7685673250763168e+004  1.3848827423772699e+005  0.0000000000000000e+000  0.0000000000000000e+000  9.5303722776030935e+005
 -2.5473805179318739e+005  1.0870659924247311e+004  9.5580809426188382e+004  1.4892693989606263e+005  0.0000000000000000e+000  0.0000000000000000e+000  9.2129629668039875e+005
 -2.7018568524741894e+005  3.7801575449140232e+003  9.3465812377340975e+004  1.5944587474943037e+005  0.0000000000000000e+000  0.0000000000000000e+000  8.8929695570546552e+005
 -2.8571368433049804e+005 -3.2439299107119891e+003  9.1340197769737613e+004  1.7004443331542847e+005  0.0000000000000000e+000  0.0000000000000000e+000  8.5704620928567555e+005
 -3.0131716441436252e+005 -1.0197482532622653e+004  8.9203420275769458e+004  1.8072190574182454e+005  0.0000000000000000e+000  0.0000000000000000e+000  8.2455134262060397e+005
 -3.1699101479280950e+005 -1.7076419656622802e+004  8.7054872127727504e+004  1.9147751712949236e+005  0.0000000000000000e+000  0.0000000000000000e+000  7.9181991936918255e+005
 -3.3272989171066222e+005 -2.3876711525097155e+004  8.4893881851792336e+004  2.0231042685603438e+005  0.0000000000000000e+000  0.0000000000000000e+000  7.5885977905830462e+005
 -3.4852821131332492e+005 -3.0594391358168501e+004  8.2719713201319188e+004  2.1321972790180516e+005  0.0000000000000000e+000  0.0000000000000000e+000  7.2567903419666062e+005
 -3.6438014253653452e+005 -3.7225567813462614e+004  8.0531564308851492e+004  2.2420444617887880e+005  0.0000000000000000e+000  0.0000000000000000e+000  6.9228606710502761e+005
 -3.8027959995639953e+005 -4.3766437809372321e+004  7.8328567075462066e+004  2.3526353986308395e+005  0.0000000000000000e+000  0.0000000000000000e+000  6.5868952647180145e+005
 -3.9622023662509577e+005 -5.0213299684080492e+004  7.6109786817444110e+004  2.4639589873063794e+005  0.0000000000000000e+000  0.0000000000000000e+000  6.2489832364886673e+005
 -4.1219543691846071e+005 -5.6562566659908072e+004  7.3874222188996137e+004  2.5760034350075145e+005  0.0000000000000000e+000  0.0000000000000000e+000  5.9092162869520392e+005
 -4.2819830942428851e+005 -6.2810780579148479e+004  7.1620805400639903e+004  2.6887562518561224e+005  0.0000000000000000e+000  0.0000000000000000e+000  5.5676886618314730e+005
 -4.4422167990303237e+005 -6.8954625873801735e+004  6.9348402752458001e+004  2.8022042444963951e+005  0.0000000000000000e+000  0.0000000000000000e+000  5.2244971078302240e+005
 -4.6025808435174444e+005 -7.4990943729724473e+004  6.7055815500354118e+004  2.9163335097821557e+005  0.0000000000000000e+000  0.0000000000000000e+000  4.8797408263304579e+005
 -4.7629976221473521e+005 -8.0916746401966491e+004  6.4741781074942868e+004  3.0311294286264782e+005  0.0000000000000000e+000  0.0000000000000000e+000  4.5335214251782093e+005
 -4.9233864977103204e+005 -8.6729231634442185e+004  6.2404974669565818e+004  3.1465766599835857e+005  0.0000000000000000e+000  0.0000000000000000e+000  4.1859428686067258e+005
 -5.2437424519097013e+005 -9.8004055049552509e+004  5.7657447762906588e+004  3.3793600515769667e+005  0.0000000000000000e+000  0.0000000000000000e+000  3.4871356163021963e+005
 -5.5629406181914289e+005 -1.0879725534622090e+005  5.2801476863940348e+004  3.6145463017409254e+005  0.0000000000000000e+000  0.0000000000000000e+000  3.4168189642195316e+005
 -5.8802206323039671e+005 -1.1909456330070557e+005  4.7824477987078164e+004  3.8519861299945222e+005  0.0000000000000000e+000  0.0000000000000000e+000  3.7556516978975688e+005
 -6.1947683252101613e+005 -1.2888604662784340e+005  4.2713166322677011e+004  4.0915182140306453e+005  0.0000000000000000e+000  0.0000000000000000e+000  4.0990069509028946e+005
 -6.5057145285374834e+005 -1.3816653786139505e+005  3.7453711449088732e+004  4.3329690729153785e+005  0.0000000000000000e+000  0.0000000000000000e+000  4.4461809623095981e+005
 -6.8121342880195472e+005 -1.4693603356415921e+005  3.2031923518047570e+004  4.5761529843875876e+005  0.0000000000000000e+000  0.0000000000000000e+000  4.7963866893007222e+005
 -7.1130465627901012e+005 -1.5520005532466469e+005  2.6433470924681264e+004  4.8208719436456513e+005  0.0000000000000000e+000  0.0000000000000000e+000  5.1487518003013817e+005
 -7.4074144912886515e+005 -1.6296996260151360e+005  2.0644129407321900e+004  5.0669156717436772e+005  0.0000000000000000e+000  0.0000000000000000e+000  5.5023175043202308e+005
 -7.6941463059898675e+005 -1.7026320723045903e+005  1.4650061885855244e+004  5.3140616823079437e+005  0.0000000000000000e+000  0.0000000000000000e+000  5.8560383459682250e+005
 -7.9720969790145254e+005 -1.7710351933833444e+005  8.4381276485211711e+003  5.5620754157116055e+005  0.0000000000000000e+000  0.0000000000000000e+000  6.2087830941213144e+005
 -8.2400706788269151e+005 -1.8352101453567480e+005  1.9962187443152739e+003  5.8107104501724138e+005  0.0000000000000000e+000  0.0000000000000000e+000  6.5593368478251726e+005
 -8.4968241142971092e+005 -1.8955221260525670e+005 -4.6863793572470240e+003  6.0597087993091205e+005  0.0000000000000000e+000  0.0000000000000000e+000  6.9064044753680646e+005
 -8.7410708364195994e+005 -1.9523995849019408e+005 -1.1618606602669088e+004  6.3088013056051650e+005  0.0000000000000000e+000  0.0000000000000000e+000  7.2486154914114485e+005
 -8.9714865595963493e+005 -2.0063323721631488e+005 -1.8807231287131635e+004  6.5577081388019142e+005  0.0000000000000000e+000  0.0000000000000000e+000  7.5845304623281141e+005
 -9.1867155537870131e+005 -2.0578687548433809e+005 -2.6256442517068012e+004  6.8061394076665072e+005  0.0000000000000000e+000  0.0000000000000000e+000  7.9126490116110758e+005
 -9.3853781455752766e+005 -2.1076112402522389e+005 -3.3967438441028920e+004  7.0537958925348730e+005  0.0000000000000000e+000  0.0000000000000000e+000  8.2314194750204636e+005
 -9.5660793508185202e+005 -2.1562111644252299e+005 -4.1938017247865275e+004  7.3003699048904085e+005  0.0000000000000000e+000  0.0000000000000000e+000  8.6566167164044466e+005
 -9.7274186435436481e+005 -2.2043620214432938e+005 -5.0162178617617799e+004  7.5455462785693980e+005  0.0000000000000000e+000  0.0000000000000000e+000  9.1431949653516617e+005
 -9.8680008457761211e+005 -2.2527915309109804e+005 -5.8629743904768424e+004  7.7890034953692695e+005  0.0000000000000000e+000  0.0000000000000000e+000  9.6123154734628682e+005
 -9.9864481009199598e+005 -2.3022524642465403e+005 -6.7326003807435161e+004  8.0304149456294207e+005  0.0000000000000000e+000  0.0000000000000000e+000  1.0062968555232811e+006
 -1.0081412869615423e+006 -2.3535122756746714e+005 -7.6231402608500066e+004  8.2694503219127236e+005  0.0000000000000000e+000  0.0000000000000000e+000  1.0494202434868468e+006
 -1.0151591861957767e+006 -2.4073416105340148e+005 -8.5321268242921287e+004  8.5057771412030200e+005  0.0000000000000000e+000  0.0000000000000000e+000  1.0905129686603062e+006
 -1.0195740794019049e+006 -2.4645017912013709e+005 -9.4565597427829824e+004  8.7390623880959547e+005  0.0000000000000000e+000  0.0000000000000000e+000  1.1294933311341736e+006
 -1.0212689830403009e+006 -2.5257314091313741e+005 -1.0392890487462223e+005  8.9689742684429919e+005  0.0000000000000000e+000  0.0000000000000000e+000  1.1662872364284697e+006
 -1.0201359548473576e+006 -2.5917321795389985e+005 -1.1337014516779447e+005  9.1951840597545682e+005  0.0000000000000000e+000  0.0000000000000000e+000  1.2119536669867747e+006
 -1.0160777234544315e+006 -2.6631542424758931e+005 -1.2284271523470768e+005  9.4173680414001492e+005  0.0000000000000000e+000  0.0000000000000000e+000  1.2597940261978605e+006
 -1.0090093298674605e+006 -2.7405811198445666e+005 -1.3229454444281280e+005  9.6352094846444181e+005  0.0000000000000000e+000  0.0000000000000000e+000  1.3052438475373290e+006
 -9.9885975729921588e+005 -2.8245145614306733e+005 -1.4166827824184243e+005  9.8484006794950739e+005  0.0000000000000000e+000  0.0000000000000000e+000  1.3481927442317065e+006
 -9.8557352397187147e+005 -2.9153595336667862e+005 -1.5090155992835012e+005  1.0056644972583915e+006  0.0000000000000000e+000  0.0000000000000000e+000  1.3885334883638069e+006
 -9.6911221199365554e+005 -3.0134096218576527e+005 -1.5992741356370575e+005  1.0259658787974576e+006  0.0000000000000000e+000  0.0000000000000000e+000  1.4261625696815662e+006
 -9.4945590428854944e+005 -3.1188331292024860e+005 -1.6867472933582225e+005  1.0457173600530641e+006  0.0000000000000000e+000  0.0000000000000000e+000  1.4609807952096066e+006
 -9.2660450096215785e+005 -3.2316601637512411e+005 -1.7706885076094570e+005  1.0648937830236526e+006  0.0000000000000000e+000  0.0000000000000000e+000  1.4928939273577509e+006
 -9.0057888637366157e+005 -3.3517710065773979e+005 -1.8503226108924224e+005  1.0834718624668741e+006  0.0000000000000000e+000  0.0000000000000000e+000  1.5218133569165487e+006
 -8.7142191867785144e+005 -3.4788860507306561e+005 -1.9248536415959167e+005  1.1014303496570622e+006  0.0000000000000000e+000  0.0000000000000000e+000  1.5476568060354493e+006
 -8.3919921470004471e+005 -3.6125575904977374e+005 -1.9934735278267047e+005  1.1187501783895760e+006  0.0000000000000000e+000  0.0000000000000000e+000  1.5703490549641575e+006
 -8.0399970472660114e+005 -3.7521637239278964e+005 -2.0553715556366424e+005  1.1354145900735254e+006  0.0000000000000000e+000  0.0000000000000000e+000  1.5898226850329856e+006
 -7.6593593416323443e+005 -3.8969046084957832e+005 -2.1097445096348057e+005  1.1514092349516232e+006  0.0000000000000000e+000  0.0000000000000000e+000  1.6060188291276502e+006
 -7.2514409199030418e+005 -4.0458012801472028e+005 -2.1558073538547748e+005  1.1667222467380906e+006  0.0000000000000000e+000  0.0000000000000000e+000  1.6188879197531133e+006
 -6.8178374954971683e+005 -4.1976972103026276e+005 -2.1928043023076991e+005  1.1813442883321187e+006  0.0000000000000000e+000  0.0000000000000000e+000  1.6283904238225981e+006
 -6.3603729732237791e+005 -4.3512627337738569e+005 -2.2200201122326337e+005  1.1952685666480707e+006  0.0000000000000000e+000  0.0000000000000000e+000  1.6344975524300341e+006
 -5.8810907202117797e+005 -4.5050024340645823e+005 -2.2367914194185659e+005  1.2084908151252316e+006  0.0000000000000000e+000  0.0000000000000000e+000  1.6371919333010977e+006
 -5.3822417136611987e+005 -4.6572655214057624e+005 -2.2425179243033702e+005  1.2210092429811542e+006  0.0000000000000000e+000  0.0000000000000000e+000  1.6364682331733801e+006
 -4.8662695932370203e+005 -4.8062591846339096e+005 -2.2366732305752276e+005  1.2328244509026688e+006  0.0000000000000000e+000  0.0000000000000000e+000  1.6323337172905663e+006
 -4.3357927020071732e+005 -4.9500648411847558e+005 -2.2188151347782207e+005  1.2439393134688190e+006  0.0000000000000000e+000  0.0000000000000000e+000  1.6248087333082557e+006
 -3.7935832572581829e+005 -5.0866571516741428e+005 -2.1885951664619759e+005  1.2543588292756698e+006  0.0000000000000000e+000  0.0000000000000000e+000  1.6139271073973137e+006
 -3.2425438496786944e+005 -5.2139256077047292e+005 -2.1457671837086152e+005  1.2640899403834380e+006  0.0000000000000000e+000  0.0000000000000000e+000  1.5997364410616742e+006
 -2.6856815252119472e+005 -5.3296984452151507e+005 -2.0901948386089949e+005  1.2731413233702360e+006  0.0000000000000000e+000  0.0000000000000000e+000  1.5822982982486906e+006
 -2.1260797569072325e+005 -5.4317685821081023e+005 -2.0218577413362177e+005  1.2815231549090305e+006  0.0000000000000000e+000  0.0000000000000000e+000  1.5616882736626873e+006
 -1.5668686630842852e+005 -5.5179212294702907e+005 -1.9408561697709991e+005  1.2892468553884795e+006  0.0000000000000000e+000  0.0000000000000000e+000  1.5379959348092729e+006
 -1.0111938717456625e+005 -5.5859627815953118e+005 -1.8474141938392317e+005  1.2963248146291622e+006  0.0000000000000000e+000  0.0000000000000000e+000  1.5113246321282750e+006
 -4.6218446831661073e+004 -5.6337505525591702e+005 -1.7418811095149021e+005  1.3027701042203114e+006  0.0000000000000000e+000  0.0000000000000000e+000  1.4817911736294497e+006
  7.7079506661734758e+003 -5.6592228973805357e+005 -1.6247311063193571e+005  1.3085961814063513e+006  0.0000000000000000e+000  0.0000000000000000e+000  1.4495253626815330e+006
  6.0359952222498738e+004 -5.6604292344478483e+005 -1.4965611234541814e+005  1.3138165897138203e+006  0.0000000000000000e+000  0.0000000000000000e+000  1.4146693999004876e+006
  1.1144904845711857e+005 -5.6355594741286070e+005 -1.3580868829223330e+005  1.3184446617218563e+006  0.0000000000000000e+000  0.0000000000000000e+000  1.3773771525144326e+006
  1.6070116259808559e+005 -5.5829723563406884e+005 -1.2101371222481887e+005  1.3224932294366558e+006  0.0000000000000000e+000  0.0000000000000000e+000  1.3617005762864626e+006
  2.0785958615115398e+005 -5.5012222079589812e+005 -1.0536460840223475e+005  1.3259743476847701e+006  0.0000000000000000e+000  0.0000000000000000e+000  1.3814311065877681e+006
  2.5268771379820499e+005 -5.3890836491449084e+005 -8.8964435362440112e+004  1.3288990357756608e+006  0.0000000000000000e+000  0.0000000000000000e+000  1.3967876405773868e+006
  2.9497153277927800e+005 -5.2455738059089484e+005 -7.1924816933247246e+004  1.3312770423986434e+006  0.0000000000000000e+000  0.0000000000000000e+000  1.4076442825153130e+006
  3.3452182576142089e+005 -5.0699716239033046e+005 -5.4364735980292971e+004  1.3331166383249310e+006  0.0000000000000000e+000  0.0000000000000000e+000  1.4139120969844616e+006
  3.7117605082067417e+005 -4.8618339248706517e+005 -3.6409209185162756e+004  1.3344244409622201e+006  0.0000000000000000e+000  0.0000000000000000e+000  1.4155404527098367e+006
  4.0479986758400366e+005 -4.6210079016430618e+005 -1.8187863593100057e+004  1.3352052742364539e+006  0.0000000000000000e+000  0.0000000000000000e+000  1.4125178533856983e+006
  4.3528828466470545e+005 -4.3476398086061329e+005  1.6656229906571599e+002  1.3354620665777538e+006  0.0000000000000000e+000  0.0000000000000000e+000  1.4050516453338652e+006
  4.6256641015897959e+005 -4.0421796710487938e+005  1.8519768573934263e+004  1.3351957890363373e+006  0.0000000000000000e+000  0.0000000000000000e+000  1.4126139338083630e+006
  4.8658979401125479e+005 -3.7053819073402893e+005  3.6737469634922993e+004  1.3344054347703620e+006  0.0000000000000000e+000  0.0000000000000000e+000  1.4155523502450045e+006
  5.0734435833518469e+005 -3.3383018307195260e+005  5.4686969711650694e+004  1.3330880403139500e+006  0.0000000000000000e+000  0.0000000000000000e+000  1.4138396691758549e+006
  5.2484591914567002e+005 -2.9422880711600051e+005  7.2238712187922982e+004  1.3312387482017132e+006  0.0000000000000000e+000  0.0000000000000000e+000  1.4074881006410238e+006
  5.3913931023762282e+005 -2.5189710305342730e+005  8.9267777358477731e+004  1.3288509096948325e+006  0.0000000000000000e+000  0.0000000000000000e+000  1.3965489792657539e+006
  5.5029712699584826e+005 -2.0702475546528533e+005  1.0565530429799970e+005  1.3259162255698380e+006  0.0000000000000000e+000  0.0000000000000000e+000  1.3811119239615402e+006
  5.5841811455365806e+005 -1.5982620719637536e+005  1.2128981410355632e+005  1.3224249221662243e+006  0.0000000000000000e+000  0.0000000000000000e+000  1.3613034850091969e+006
  5.6362523082689790e+005 -1.1053845095505843e+005  1.3606841381353454e+005  1.3183659592325969e+006  0.0000000000000000e+000  0.0000000000000000e+000  1.3780739152689660e+006
  5.6606342036404926e+005 -5.9418535102848313e+004  1.4989786275655820e+005  1.3137272654929133e+006  0.0000000000000000e+000  0.0000000000000000e+000  1.4153234320264114e+006
  5.6589713958987466e+005 -6.7408247076215575e+003  1.6269548588544971e+005  1.3084959973581538e+006  0.0000000000000000e+000  0.0000000000000000e+000  1.4501337759049644e+006
  5.6330767777396983e+005  4.7205937333181151e+004  1.7438992173374616e+005  1.3026588158153391e+006  0.0000000000000000e+000  0.0000000000000000e+000  1.4823512839091411e+006
  5.5849032085765293e+005  1.0212172151064030e+005  1.8492169592072334e+005  1.2962021762424980e+006  0.0000000000000000e+000  0.0000000000000000e+000  1.5118339740512152e+006
  5.5165140707259532e+005  1.5769840588395277e+005  1.9424361454407327e+005  1.2891126257242337e+006  0.0000000000000000e+000  0.0000000000000000e+000  1.5384522736263440e+006
  5.4300532407998864e+005  2.1362302306004794e+005  2.0232097526215558e+005  1.2813771024116990e+006  0.0000000000000000e+000  0.0000000000000000e+000  1.5620896148817437e+006
  5.3277149712870119e+005  2.6958101003788144e+005  2.0913159729271408e+005  1.2729832315331586e+006  0.0000000000000000e+000  0.0000000000000000e+000  1.5826428947538002e+006
  5.2117141652620985e+005  3.2525941217965650e+005  2.1466567487051521e+005  1.2639196128513648e+006  0.0000000000000000e+000  0.0000000000000000e+000  1.6000227977494060e+006
  5.0842575058198365e+005  3.8034999469475076e+005  2.1892546183866414e+005  1.2541760946658624e+006  0.0000000000000000e+000  0.0000000000000000e+000  1.6141539833888465e+006
  4.9475158717992005e+005  4.3455221798782545e+005  2.2192479792559083e+005  1.2437440298277263e+006  0.0000000000000000e+000  0.0000000000000000e+000  1.6249751418150335e+006
  4.8035984338739957e+005  4.8757603695187322e+005  2.2368848983619269e+005  1.2326165097307048e+006  0.0000000000000000e+000  0.0000000000000000e+000  1.6324389232549451e+006
  4.6545287808297668e+005  5.3914448865826719e+005  2.2425156249803814e+005  1.2207885727650863e+006  0.0000000000000000e+000  0.0000000000000000e+000  1.6365117488332600e+006
  4.5022233763720805e+005  5.8899603780551814e+005  2.2365839762778673e+005  1.2082573843343167e+006  0.0000000000000000e+000  0.0000000000000000e+000  1.6371735118595355e+006
  4.3484725931380334e+005  6.3688665459472989e+005  2.2196177818200382e+005  1.1950223861581597e+006  0.0000000000000000e+000  0.0000000000000000e+000  1.6344171800310537e+006
  4.1949245142113056e+005  6.8259160528363578e+005  2.1922185822124596e+005  1.1810854132498708e+006  0.0000000000000000e+000  0.0000000000000000e+000  1.6282483100399319e+006
  4.0430716346688045e+005  7.2590694139494968e+005  2.1550507824179486e+005  1.1664507776210580e+006  0.0000000000000000e+000  0.0000000000000000e+000  1.6186844868312753e+006
  3.8942405377902841e+005  7.6665067928675830e+005  2.1088304611993168e+005  1.1511253184190243e+006  0.0000000000000000e+000  0.0000000000000000e+000  1.6057547001979267e+006
  3.7495845638444653e+005  8.0466366740638553e+005  2.0543140348850735e+005  1.1351184188212927e+006  0.0000000000000000e+000  0.0000000000000000e+000  1.5894986715404764e+006
  3.6100794351315388e+005  8.3981014395478892e+005  1.9922869665849034e+005  1.1184419906306779e+006  0.0000000000000000e+000  0.0000000000000000e+000  1.5699661435329267e+006
  3.4765217499397369e+005  8.7197799272713985e+005  1.9235527012653838e+005  1.1011104280213485e+006  0.0000000000000000e+000  0.0000000000000000e+000  1.5472161449947360e+006
  3.3495302116232214e+005  9.0107870954356645e+005  1.8489219933805373e+005  1.0831405323925575e+006  0.0000000000000000e+000  0.0000000000000000e+000  1.5213162426820202e+006
  3.2295494175830041e+005  9.2704709581701073e+005  1.7692027773406295e+005  1.0645514106957598e+006  0.0000000000000000e+000  0.0000000000000000e+000  1.4923417908713412e+006
  3.1168559972518851e+005  9.4984069937537378e+005  1.6851907125629589e+005  1.0453643499316582e+006  0.0000000000000000e+000  0.0000000000000000e+000  1.4603751885936456e+006
  3.0115668587853486e+005  9.6943902564649156e+005  1.5976605147692733e+005  1.0256026707985348e+006  0.0000000000000000e+000  0.0000000000000000e+000  1.4255051532645184e+006
  2.9136492811051151e+005  9.8584254465009470e+005  1.5073581640058113e+005  1.0052915636405245e+006  0.0000000000000000e+000  0.0000000000000000e+000  1.3878260181952459e+006
  2.8229325715550029e+005  9.9907152096755651e+005  1.4149940582156833e+005  9.8445790997035510e+005  0.0000000000000000e+000  0.0000000000000000e+000  1.3474370601921096e+006
  2.7391209994631092e+005  1.0091646949331420e+006  1.3212371595095977e+005  9.6313009286362049e+005  0.0000000000000000e+000  0.0000000000000000e+000  1.3044418621171273e+006
  2.6618077123267256e+005  1.0161778437838895e+006  1.2267101591249219e+005  9.4133779950837186e+005  0.0000000000000000e+000  0.0000000000000000e+000  1.2589477139983568e+006
  2.5904893435741967e+005  1.0201822513781961e+006  1.1319856667539598e+005  9.1911181906770670e+005  0.0000000000000000e+000  0.0000000000000000e+000  1.2110650549762479e+006
  2.5245810287522277e+005  1.0212631144860189e+006  1.0375834110046814e+005  8.9648383888655447e+005  0.0000000000000000e+000  0.0000000000000000e+000  1.1656400960909375e+006
  2.4634315596785411e+005  1.0195179125236353e+006  9.4396842038657604e+004  8.7348624185076810e+005  0.0000000000000000e+000  0.0000000000000000e+000  1.1288059423089544e+006
  2.4063384232080483e+005  1.0150547660897645e+006  8.5155013879183636e+004  8.5015190747554810e+005  0.0000000000000000e+000  0.0000000000000000e+000  1.0897866037642052e+006
  2.3525624918962087e+005  1.0079908077599915e+006  7.6068241605705989e+004  8.2651401900839573e+005  0.0000000000000000e+000  0.0000000000000000e+000  1.0486563175135199e+006
  2.3013421575149489e+005  9.9845058645206399e+005  6.7166430308121271e+004  8.0260587855370436e+005  0.0000000000000000e+000  0.0000000000000000e+000  1.0054969162920327e+006
  2.2519067241195581e+005  9.8656452427631360e+005  5.8474157210285914e+004  7.7846073189766111e+005  0.0000000000000000e+000  0.0000000000000000e+000  9.6039726486304577e+005
  2.2034889046363425e+005  9.7246744225791481e+005  5.0010887618746878e+004  7.5411160439632914e+005  0.0000000000000000e+000  0.0000000000000000e+000  9.1345265161069797e+005
  2.1553362930249108e+005  9.5629716872555739e+005  4.1791245769384543e+004  7.2959114898702060e+005  0.0000000000000000e+000  0.0000000000000000e+000  8.6476414393608202e+005
  2.1067217121739109e+005  9.3819324150822533e+005  3.3825331331005757e+004  7.0493150705651729e+005  0.0000000000000000e+000  0.0000000000000000e+000  8.2257333108653838e+005
  2.0569523654392030e+005  9.1829571251333703e+005  2.6119072314490655e+004  6.8016418262595497e+005  0.0000000000000000e+000  0.0000000000000000e+000  7.9067793227651785e+005
  2.0053777464082403e+005  8.9674406075303338e+005  1.8674605306072728e+004  6.5531993003753223e+005  0.0000000000000000e+000  0.0000000000000000e+000  7.5785057696973626e+005
  1.9513962866524651e+005  8.7367621750208968e+005  1.1490674277566291e+004  6.3042865507176414e+005  0.0000000000000000e+000  0.0000000000000000e+000  7.2424634819019353e+005
  1.8944607446542007e+005  8.4922770510014868e+005  4.5630397052922935e+003  6.0551932922914263e+005  0.0000000000000000e+000  0.0000000000000000e+000  6.9001518120220280e+005
  1.8340823601878519e+005  8.2353088887416129e+005 -2.1151096778805136e+003  5.8061991669586813e+005  0.0000000000000000e+000  0.0000000000000000e+000  6.5530090101009898e+005
  1.7698338172966961e+005  7.9671433990815247e+005 -8.5527494814122547e+003  5.5575731338357285e+005  0.0000000000000000e+000  0.0000000000000000e+000  6.2024042477430683e+005
  1.7013510751499431e+005  7.6890230480994843e+005 -1.4760622832415205e+004  5.3095729728604981e+005  0.0000000000000000e+000  0.0000000000000000e+000  5.8496312411564530e+005
  1.6283341396809701e+005  7.4021427733318927e+005 -2.0750859545331259e+004  5.0624448931493150e+005  0.0000000000000000e+000  0.0000000000000000e+000  5.4959034009421791e+005
  1.5505468598157197e+005  7.1076466564520064e+005 -2.6536615871183069e+004  4.8164232370972889e+005  0.0000000000000000e+000  0.0000000000000000e+000  5.1423504181699333e+005
  1.4678158403925021e+005  6.8066254819687770e+005 -3.2131738574697702e+004  4.5717302707598265e+005  0.0000000000000000e+000  0.0000000000000000e+000  4.7900161815964285e+005
  1.3800285696791648e+005  6.5001151055793394e+005 -3.7550456262723455e+004  4.3285760509785294e+005  0.0000000000000000e+000  0.0000000000000000e+000  4.4398579099390755e+005
  1.2871308628151276e+005  6.1890955519480864e+005 -4.2807100092964261e+004  4.0871583598116634e+005  0.0000000000000000e+000  0.0000000000000000e+000  4.0927463755244290e+005
  1.1891237237361011e+005  5.8744907597981056e+005 -4.7915855239860262e+004  3.8476626971093251e+005  0.0000000000000000e+000  0.0000000000000000e+000  3.7494670912515471e+005
  1.0860597274021302e+005  5.5571688921142160e+005 -5.2890543796517988e+004  3.6102623225354531e+005  0.0000000000000000e+000  0.0000000000000000e+000  3.4107223314099637e+005
  9.7803902167312859e+004  5.2379431308274867e+005 -5.7744439157118817e+004  3.3751183389812120e+005  0.0000000000000000e+000  0.0000000000000000e+000  3.4998430648889748e+005
  8.6520504414503550e+004  4.9175728780110431e+005 -6.2490111358338065e+004  3.1423798098826618e+005  0.0000000000000000e+000  0.0000000000000000e+000  4.1985672061957454e+005
  7.4774004405811269e+004  4.5967652897791931e+005 -6.7139302365579424e+004  2.9121839038567338e+005  0.0000000000000000e+000  0.0000000000000000e+000  4.8922664847071585e+005
  6.2586049308170608e+004  4.2761770737780264e+005 -7.1702829872941031e+004  2.6846560607487697e+005  0.0000000000000000e+000  0.0000000000000000e+000  5.5801007413688384e+005
  4.9981246175536398e+004  3.9564164867466030e+005 -7.6190517843450943e+004  2.4599101740448782e+005  0.0000000000000000e+000  0.0000000000000000e+000  6.2612675356384425e+005
  3.6986703079904677e+004  3.6380454746483365e+005 -8.0611151746490228e+004  2.2380487854064102e+005  0.0000000000000000e+000  0.0000000000000000e+000  6.9350037136873009e+005
  2.3631579855391592e+004  3.3215819041213510e+005 -8.4972456252066448e+004  2.0191632878287815e+005  0.0000000000000000e+000  0.0000000000000000e+000  7.6005868509528448e+005
  9.9466537799169764e+003  3.0075018404389825e+005 -8.9281093006792857e+004  1.8033341346854268e+005  0.0000000000000000e+000  0.0000000000000000e+000  8.2573365510779247e+005
 -4.0360952878910230e+003  2.6962418335056194e+005 -9.3542676046139444e+004  1.5906310525596509e+005  0.0000000000000000e+000  0.0000000000000000e+000  8.9046155848588352e+005
 -1.8283876579206713e+004  2.3882011796612441e+005 -9.7761802378417648e+004  1.3811132564106517e+005  0.0000000000000000e+000  0.0000000000000000e+000  9.5418308542761998e+005
 -3.2763453912081412e+004  2.0837441329316900e+005 -1.0194209530690317e+005  1.1748296661061599e+005  0.0000000000000000e+000  0.0000000000000000e+000  1.0168434168696954e+006
 -4.7441482745650414e+004  1.7832020449688018e+005 -1.0608625812917130e+005  9.7181912384897965e+004  0.0000000000000000e+000  0.0000000000000000e+000  1.0783922822470732e+006
 -6.2284817182472856e+004  1.4868754180528410e+005 -1.1019613595819421e+005  7.7211061239316346e+004  0.0000000000000000e+000  0.0000000000000000e+000  1.1387839965249756e+006
 -7.7260785920813054e+004  1.1950358601387900e+005 -1.1427278354634455e+005  5.7572347422875806e+004  0.0000000000000000e+000  0.0000000000000000e+000  1.1979774758846518e+006
 -9.2337436700737904e+004  9.0792793514788253e+004 -1.1831653714873674e+005  3.8266763219142849e+004  0.0000000000000000e+000  0.0000000000000000e+000  1.2559362316589039e+006
 -1.0748374927766286e+005  6.2577090524114174e+004 -1.2232708863653954e+005  1.9294381206009883e+004  0.0000000000000000e+000  0.0000000000000000e+000  1.3126283423613601e+006
 -1.2266981737376476e+005  3.4876036498774047e+004 -1.2630356025230167e+005  6.5437678628121114e+002  0.0000000000000000e+000  0.0000000000000000e+000  1.3680264038543859e+006
 -1.3786700042027509e+005  7.7069769892313216e+003 -1.3024457858925215e+005 -1.7654948936928729e+004  0.0000000000000000e+000  0.0000000000000000e+000  1.4221074579289523e+006
 -1.5304804620201289e+005 -1.8914813615553947e+004 -1.3414834656504996e+005 -3.5636145865634055e+004  0.0000000000000000e+000  0.0000000000000000e+000  1.4748528997548262e+006
 -1.6818718575335364e+005 -4.4975998827429954e+004 -1.3801271234600074e+005 -5.3292591120244680e+004  0.0000000000000000e+000  0.0000000000000000e+000  1.5262483648261696e+006
 -1.8326020204636711e+005 -7.0465055537649561e+004 -1.4183523436073848e+005 -7.0628464695371949e+004  0.0000000000000000e+000  0.0000000000000000e+000  1.5762835962130793e+006
 -1.9824447414334500e+005 -9.5372157406610859e+004 -1.4561324171052978e+005 -8.7648724501070305e+004  0.0000000000000000e+000  0.0000000000000000e+000  1.6249522930272496e+006
 -2.1311899858134592e+005 -1.1968906528437439e+005 -1.4934388944702619e+005 -1.0435908074183082e+005  0.0000000000000000e+000  0.0000000000000000e+000  1.6722519411555864e+006
 -2.2786438980338219e+005 -1.4340902376018572e+005 -1.5302420833492142e+005 -1.2076596959592286e+005  0.0000000000000000e+000  0.0000000000000000e+000  1.7181836273832703e+006
 -2.4246286146751954e+005 -1.6652666294310172e+005 -1.5665114885289356e+005 -1.3687652616775091e+005  0.0000000000000000e+000  0.0000000000000000e+000  1.7627518381080169e+006
 -2.5689819044830094e+005 -1.8903790459907349e+005 -1.6022161930741655e+005 -1.5269855669571037e+005  0.0000000000000000e+000  0.0000000000000000e+000  1.8059642438910929e+006
 -2.7115566530256026e+005 -2.1093987181144970e+005 -1.6373251803967837e+005 -1.6824051000631694e+005  0.0000000000000000e+000  0.0000000000000000e+000  1.8478314711074324e+006
 -2.8522202090869198e+005 -2.3223080138267350e+005 -1.6718075980050609e+005 -1.8351144821170098e+005  0.0000000000000000e+000  0.0000000000000000e+000  1.8883668619761313e+006
 -2.9908536090810556e+005 -2.5290995825866127e+005 -1.7056329644561952e+005 -1.9852101665239633e+005  0.0000000000000000e+000  0.0000000000000000e+000  1.9275862242295505e+006
 -3.1273506948441325e+005 -2.7297755132474465e+005 -1.7387713217048047e+005 -2.1327941308994297e+005  0.0000000000000000e+000  0.0000000000000000e+000  1.9655075716561056e+006
 -3.2616171391443047e+005 -2.9243464999293879e+005 -1.7711933355743811e+005 -2.2779735615310227e+005  0.0000000000000000e+000  0.0000000000000000e+000  2.0021508567073587e+006
 -3.3935693921676424e+005 -3.1128310107258364e+005 -1.8028703475016018e+005 -2.4208605303863820e+005  0.0000000000000000e+000  0.0000000000000000e+000  2.0375376963047204e+006
 -3.5231335611675441e+005 -3.2952544548837031e+005 -1.8337743810353833e+005 -2.5615716646284820e+005  0.0000000000000000e+000  0.0000000000000000e+000  2.0716910919269335e+006
 -3.6502442343420413e+005 -3.4716483447804645e+005 -1.8638781067842030e+005 -2.7002278085051524e+005  0.0000000000000000e+000  0.0000000000000000e+000  2.1046351449713903e+006
 -3.7748432589638821e+005 -3.6420494496507832e+005 -1.8931547696732261e+005 -2.8369536773667304e+005  0.0000000000000000e+000  0.0000000000000000e+000  2.1363947683235072e+006
 -3.8968784827903175e+005 -3.8064989386819926e+005 -1.9215780824464693e+005 -2.9718775034496380e+005  0.0000000000000000e+000  0.0000000000000000e+000  2.1669953949869028e+006
 -4.0163024668039847e+005 -3.9650415115753748e+005 -1.9491220893622213e+005 -3.1051306728604279e+005  0.0000000000000000e+000  0.0000000000000000e+000  2.1964626845392650e+006
 -4.1330711765580706e+005 -4.1177245152871852e+005 -1.9757610040364720e+005 -3.2368473530741269e+005  0.0000000000000000e+000  0.0000000000000000e+000  2.2248222281381064e+006
 -4.2471426585486782e+005 -4.2645970460156392e+005 -2.0014690252748600e+005 -3.3671641099679488e+005  0.0000000000000000e+000  0.0000000000000000e+000  2.2520992526802598e+006
 -4.3584757075127686e+005 -4.4057090360400156e+005 -2.0262201346983618e+005 -3.4962195132798486e+005  0.0000000000000000e+000  0.0000000000000000e+000  2.2783183247173782e+006
 -4.4670285299658764e+005 -4.5411103253451822e+005 -2.0499878798239763e+005 -3.6241537290873431e+005  0.0000000000000000e+000  0.0000000000000000e+000  2.3035030546460366e+006
 -4.5727574089243542e+005 -4.6708497183402331e+005 -2.0727451461393142e+005 -3.7511080976618663e+005  0.0000000000000000e+000  0.0000000000000000e+000  2.3276758016579067e+006
 -4.6756153745488083e+005 -4.7949740263855882e+005 -2.0944639216031751e+005 -3.8772246948329947e+005  0.0000000000000000e+000  0.0000000000000000e+000  2.3508573799373219e+006
 -4.7755508853289799e+005 -4.9135270971675601e+005 -2.1151150568627330e+005 -4.0026458747231844e+005  0.0000000000000000e+000  0.0000000000000000e+000  2.3730667665800727e+006
 -4.8725065244692104e+005 -5.0265488323345291e+005 -2.1346680243553832e+005 -4.1275137914648553e+005  0.0000000000000000e+000  0.0000000000000000e+000  2.3943208117241040e+006
 -4.9664177163608698e+005 -5.1340741952391271e+005 -2.1530906793582728e+005 -4.2519698972861207e+005  0.0000000000000000e+000  0.0000000000000000e+000  2.4146339514356866e+006
 -5.0572114684067736e+005 -5.2361322110876522e+005 -2.1703490259633027e+005 -4.3761544141634373e+005  0.0000000000000000e+000  0.0000000000000000e+000  2.4340179239755375e+006
 -5.1448051439288817e+005 -5.3327449622877792e+005 -2.1864069908510608e+005 -4.5002057759974222e+005  0.0000000000000000e+000  0.0000000000000000e+000  2.4524814901402611e+006
 -5.2291052726395609e+005 -5.4239265824438876e+005 -2.2012262077125162e+005 -4.6242600382048846e+005  0.0000000000000000e+000  0.0000000000000000e+000  2.4700301585469269e+006
 -5.3100064058875653e+005 -5.5096822530626203e+005 -2.2147658150844814e+005 -4.7484502514163987e+005  0.0000000000000000e+000  0.0000000000000000e+000  2.4866659168351009e+006
 -5.3873900249955978e+005 -5.5900072079603211e+005 -2.2269822704040166e+005 -4.8729057960608765e+005  0.0000000000000000e+000  0.0000000000000000e+000  2.5023869700268991e+006
 -5.4611235119811969e+005 -5.6648857511729130e+005 -2.2378291830305173e+005 -4.9977516745156521e+005  0.0000000000000000e+000  0.0000000000000000e+000  2.5171874874430802e+006
 -5.5310591933544271e+005 -5.7342902953873703e+005 -2.2472571690728026e+005 -5.1231077577622666e+005  0.0000000000000000e+000  0.0000000000000000e+000  2.5310573599141450e+006
 -5.5970334689088457e+005 -5.7981804290011898e+005 -2.2552137308448739e+005 -5.2490879835778859e+005  0.0000000000000000e+000  0.0000000000000000e+000  2.5439819692592113e+006
 -5.6588660390092316e+005 -5.8565020214218099e+005 -2.2616431638902216e+005 -5.3757995037430699e+005  0.0000000000000000e+000  0.0000000000000000e+000  2.5559419724010988e+006
 -5.7163592453865521e+005 -5.9091863777147909e+005 -2.2664864945755713e+005 -5.5033417781931546e+005  0.0000000000000000e+000  0.0000000000000000e+000  2.5669131028370573e+006
 -5.7692975419705594e+005 -5.9561494553374744e+005 -2.2696814513289797e+005 -5.6318056146045972e+005  0.0000000000000000e+000  0.0000000000000000e+000  2.5768659925596719e+006
 -5.8174471140260738e+005 -5.9972911576664203e+005 -2.2711624727476179e+005 -5.7612721528415999e+005  0.0000000000000000e+000  0.0000000000000000e+000  2.5857660180074787e+006
 -5.8605556652739726e+005 -6.0324947208148637e+005 -2.2708607558533887e+005 -5.8918117945349915e+005  0.0000000000000000e+000  0.0000000000000000e+000  2.5935731740089171e+006
 -5.8983523942365404e+005 -6.0616262123852118e+005 -2.2687043479098621e+005 -6.0234830793497723e+005  0.0000000000000000e+000  0.0000000000000000e+000  2.6002419801760986e+006
 -5.9305481823515310e+005 -6.0845341628373007e+005 -2.2646182852991254e+005 -6.1563315108899644e+005  0.0000000000000000e+000  0.0000000000000000e+000  2.6057214246583469e+006
 -5.9568360174074047e+005 -6.1010493521690753e+005 -2.2585247829932475e+005 -6.2903883367461886e+005  0.0000000000000000e+000  0.0000000000000000e+000  2.6099549505635756e+006
 -5.9768916767351539e+005 -6.1109847766643937e+005 -2.2503434782332537e+005 -6.4256692891654139e+005  0.0000000000000000e+000  0.0000000000000000e+000  2.6128804908176977e+006
 -5.9903746948759758e+005 -6.1141358221961895e+005 -2.2399917319766324e+005 -6.5621732948220172e+005  0.0000000000000000e+000  0.0000000000000000e+000  2.6144305575429210e+006
 -5.9969296403420670e+005 -6.1102806721358467e+005 -2.2273849916139347e+005 -6.6998811645195738e+005  0.0000000000000000e+000  0.0000000000000000e+000  2.6145323923328784e+006
 -5.9961877253508230e+005 -6.0991809790647845e+005 -2.2124372183014624e+005 -6.8387542761796049e+005  0.0000000000000000e+000  0.0000000000000000e+000  2.6131081839877656e+006
 -5.9877687709210161e+005 -6.0805828300958825e+005 -2.1950613819970927e+005 -6.9787332671515504e+005  0.0000000000000000e+000  0.0000000000000000e+000  2.6100753603193592e+006
 -5.9712835473987414e+005 -6.0542180355526926e+005 -2.1751700269102879e+005 -7.1197367546952772e+005  0.0000000000000000e+000  0.0000000000000000e+000  2.6053469605241362e+006
 -5.9463365072600590e+005 -6.0198057699452422e+005 -2.1526759095844137e+005 -7.2616601064534800e+005  0.0000000000000000e+000  0.0000000000000000e+000  2.5988320943519091e+006
 -5.9125289226707432e+005 -5.9770545922809991e+005 -2.1274927111383388e+005 -7.4043742856071074e+005  0.0000000000000000e+000  0.0000000000000000e+000  2.5904364937612563e+006
 -5.8694624348272628e+005 -5.9256648698069574e+005 -2.0995358243467292e+005 -7.5477247982578585e+005  0.0000000000000000e+000  0.0000000000000000e+000  2.5800631619862290e+006
 -5.8167430154293007e+005 -5.8653316250145307e+005 -2.0687232151848805e+005 -7.6915307732737204e+005  0.0000000000000000e+000  0.0000000000000000e+000  2.5676131238952982e+006
 -5.7539853327117034e+005 -5.7957478200894012e+005 -2.0349763571962938e+005 -7.8355842072116525e+005  0.0000000000000000e+000  0.0000000000000000e+000  2.5529862801668774e+006
 -5.6808175052119012e+005 -5.7166080857418140e+005 -1.9982212355174954e+005 -7.9796494087853853e+005  0.0000000000000000e+000  0.0000000000000000e+000  2.5360823660931895e+006
 -5.5968862161791103e+005 -5.6276128927084524e+005 -1.9583894157042628e+005 -8.1234626788636716e+005  0.0000000000000000e+000  0.0000000000000000e+000  2.5168020138588608e+006
 -5.5018621499296592e+005 -5.5284731537695520e+005 -1.9154191704989926e+005 -8.2667322624304891e+005  0.0000000000000000e+000  0.0000000000000000e+000  2.4950479147278816e+006
 -5.3954456991598406e+005 -5.4189152323620580e+005 -1.8692566555477888e+005 -8.4091386088182591e+005  0.0000000000000000e+000  0.0000000000000000e+000  2.4707260749561498e+006
 -5.2773728791022080e+005 -5.2986863205956609e+005 -1.8198571227031632e+005 -8.5503349751039082e+005  0.0000000000000000e+000  0.0000000000000000e+000  2.4437471562589342e+006
 -5.1474213711125526e+005 -5.1675601351826888e+005 -1.7671861571012242e+005 -8.6899484052104084e+005  0.0000000000000000e+000  0.0000000000000000e+000  2.4140278885292602e+006
 -5.0054166048642492e+005 -5.0253428645366733e+005 -1.7112209216186524e+005 -8.8275811133121431e+005  0.0000000000000000e+000  0.0000000000000000e+000  2.3814925391182061e+006
 -4.8512377756449790e+005 -4.8718792847855232e+005 -1.6519513898041320e+005 -8.9628122950693837e+005  0.0000000000000000e+000  0.0000000000000000e+000  2.3460744196214797e+006
 -4.6848236816089670e+005 -4.7070589470261155e+005 -1.5893815459466359e+005 -9.0952003836208524e+005  0.0000000000000000e+000  0.0000000000000000e+000  2.3077174077641303e+006
 -4.5970269521550066e+005 -4.6203692371130595e+005 -1.5568643661583500e+005 -9.1601852585243760e+005  0.0000000000000000e+000  0.0000000000000000e+000  2.2874225407709861e+006
 -4.5061782558531623e+005 -4.5308223234149651e+005 -1.5235305287150131e+005 -9.2242857591216452e+005  0.0000000000000000e+000  0.0000000000000000e+000  2.2663774587747399e+006
 -4.3153756607038440e+005 -4.3431667865505326e+005 -1.4544336929714345e+005 -9.3495939113957575e+005  0.0000000000000000e+000  0.0000000000000000e+000  2.2220240778384637e+006
 -4.1350098154008092e+005 -4.1661595559329493e+005 -1.3900918287162654e+005 -9.4578041218800738e+005  0.0000000000000000e+000  0.0000000000000000e+000  2.1798978403181792e+006
 -3.9452435894614604e+005 -3.9801984312292188e+005 -1.3232574420502631e+005 -9.5622713809312857e+005  0.0000000000000000e+000  0.0000000000000000e+000  2.1353603753188383e+006
 -3.7665890438652597e+005 -3.8052872423158004e+005 -1.2610256615619178e+005 -9.6528006654598843e+005  0.0000000000000000e+000  0.0000000000000000e+000  2.0932237492389143e+006
 -3.5806789941761625e+005 -3.6233614180624147e+005 -1.1968772000098515e+005 -9.7397565099721053e+005  0.0000000000000000e+000  0.0000000000000000e+000  2.0491584823162726e+006
 -3.3877379232334904e+005 -3.4345839369283442e+005 -1.1308729776118233e+005 -9.8228844824772666e+005  0.0000000000000000e+000  0.0000000000000000e+000  2.0031882900551949e+006
 -3.1880254304706946e+005 -3.2391511416301416e+005 -1.0630819766390654e+005 -9.9019338594488462e+005  0.0000000000000000e+000  0.0000000000000000e+000  1.9553449809045964e+006
 -2.9818360139312403e+005 -3.0372932908286492e+005 -9.9358122052734718e+004 -9.9766593870255793e+005  0.0000000000000000e+000  0.0000000000000000e+000  1.9056686203777050e+006
 -2.7694985101245745e+005 -2.8292747979668848e+005 -9.2245568337310382e+004 -1.0046823070447369e+006  0.0000000000000000e+000  0.0000000000000000e+000  1.8542076245560795e+006
 -2.5513751818148448e+005 -2.6153941364785269e+005 -8.4979812694794804e+004 -1.0112195971609693e+006  0.0000000000000000e+000  0.0000000000000000e+000  1.8010187782555525e+006
 -2.3278604491730622e+005 -2.3959833951245793e+005 -7.7570886336047319e+004 -1.0172559993540118e+006  0.0000000000000000e+000  0.0000000000000000e+000  1.7461671741374107e+006
 -2.0993792653544768e+005 -2.1714074722513420e+005 -7.0029544255669534e+004 -1.0227709629423562e+006  0.0000000000000000e+000  0.0000000000000000e+000  1.6897260701020225e+006
 -1.8663851436598884e+005 -1.9420629034994569e+005 -6.2367226504916063e+004 -1.0277453653563663e+006  0.0000000000000000e+000  0.0000000000000000e+000  1.6317766635808973e+006
 -1.6293578495673992e+005 -1.7083763235120426e+005 -5.4596012148466478e+004 -1.0321616731397209e+006  0.0000000000000000e+000  0.0000000000000000e+000  1.5724077826224545e+006
 -1.3888007771537505e+005 -1.4708025685836343e+005 -4.6728566193718791e+004 -1.0360040926137280e+006  0.0000000000000000e+000  0.0000000000000000e+000  1.5117154950661045e+006
 -1.1452380354687803e+005 -1.2298224336718353e+005 -3.8778079908021158e+004 -1.0392587080401321e+006  0.0000000000000000e+000  0.0000000000000000e+000  1.4498026384981766e+006
 -8.9921127619315506e+004 -9.8594010365896436e+004 -3.0758205063459787e+004 -1.0419136052523773e+006  0.0000000000000000e+000  0.0000000000000000e+000  1.3867782750992083e+006
 -6.5127629919121791e+004 -7.3968028501142689e+004 -2.2682982765866494e+004 -1.0439589789002008e+006  0.0000000000000000e+000  0.0000000000000000e+000  1.3227570768553666e+006
 -4.2697124186432964e+004 -5.1646142900566585e+004 -1.5379819512265060e+004 -1.0452723384837128e+006  0.0000000000000000e+000  0.0000000000000000e+000  1.2643844672017458e+006
 -2.0199697116542953e+004 -2.9216073812672730e+004 -8.0540783976871317e+003 -1.0460818159394128e+006  0.0000000000000000e+000  0.0000000000000000e+000  1.2053913732200104e+006
 -7.8628077065764246e+003 -1.6898285137939343e+004 -4.0354748049299119e+003 -1.0463106773795565e+006  0.0000000000000000e+000  0.0000000000000000e+000  1.1728462976921026e+006
  4.4746482718229390e+003 -4.5672354058179635e+003 -1.5089228537410673e+001 -1.0463873687491821e+006  0.0000000000000000e+000  0.0000000000000000e+000  1.1476385254262567e+006
