500 6
 -8.4087976309910362e-001 -1.6318301183601679e-002  4.8474472062198445e-002 -8.4339713918299641e-001  0.0000000000000000e+000  0.0000000000000000e+000  2.5857518637340263e-016
 -8.4070349749084894e-001 -1.6176242531347938e-002  4.8456937023966425e-002 -8.4459620348928999e-001  0.0000000000000000e+000  0.0000000000000000e+000  4.1759943467245590e-016
 -8.4052656686494587e-001 -1.6032610058249241e-002  4.8431881915275608e-002 -8.4579304353513673e-001  0.0000000000000000e+000  0.0000000000000000e+000  9.2877578823823206e-016
 -8.4034900393393430e-001 -1.5887478778804347e-002  4.8399315758902758e-002 -8.4698751210058032e-001  0.0000000000000000e+000  0.0000000000000000e+000  1.4174848754690252e-015
 -8.4017084176624246e-001 -1.5740922807833183e-002  4.8359248561030417e-002 -8.4817946267835354e-001  0.0000000000000000e+000  0.0000000000000000e+000  1.8085441902932196e-015
 -8.3999211377584282e-001 -1.5593015343292887e-002  4.8311691309327179e-002 -8.4936874945212204e-001  0.0000000000000000e+000  0.0000000000000000e+000  2.0981399966115109e-015
 -8.3981285371182635e-001 -1.5443828650004114e-002  4.8256655971087296e-002 -8.5055522727542066e-001  0.0000000000000000e+000  0.0000000000000000e+000  2.4893959817425998e-015
 -8.3963309564790078e-001 -1.5293434044253344e-002  4.8194155491426402e-002 -8.5173875165130819e-001  0.0000000000000000e+000  0.0000000000000000e+000  2.7174388965422984e-015
 -8.3945287397181612e-001 -1.5141901879237302e-002  4.8124203791529589e-002 -8.5291917871276135e-001  0.0000000000000000e+000  0.0000000000000000e+000  2.8831742544197004e-015
 -8.3927222337472263e-001 -1.4989301531315851e-002  4.8046815766945521e-002 -8.5409636520383081e-001  0.0000000000000000e+000  0.0000000000000000e+000  2.8720380012086804e-015
 -8.3909117884046491e-001 -1.4835701387041529e-002  4.7962007285923869e-002 -8.5527016846157733e-001  0.0000000000000000e+000  0.0000000000000000e+000  2.9125041074615063e-015
 -8.3890977563481561e-001 -1.4681168830934198e-002  4.7869795187790998e-002 -8.5644044639880823e-001  0.0000000000000000e+000  0.0000000000000000e+000  2.9771272026434540e-015
 -8.3872804929465383e-001 -1.4525770233969676e-002  4.7770197281357528e-002 -8.5760705748762900e-001  0.0000000000000000e+000  0.0000000000000000e+000  2.6946564367802517e-015
 -8.3854603561709018e-001 -1.4369570942753474e-002  4.7663232343355483e-002 -8.5876986074382800e-001  0.0000000000000000e+000  0.0000000000000000e+000  2.9043078241326301e-015
 -8.3836377064854339e-001 -1.4212635269350370e-002  4.7548920116898666e-002 -8.5992871571210872e-001  0.0000000000000000e+000  0.0000000000000000e+000  3.4157663476760179e-015
 -8.3818129067377156e-001 -1.4055026481741952e-002  4.7427281309960836e-002 -8.6108348245218080e-001  0.0000000000000000e+000  0.0000000000000000e+000  3.5392243853957636e-015
 -8.3799863220486059e-001 -1.3896806794885683e-002  4.7298337593868672e-002 -8.6223402152572681e-001  0.0000000000000000e+000  0.0000000000000000e+000  4.0625324939041544e-015
 -8.3781583197017395e-001 -1.3738037362349092e-002  4.7162111601802330e-002 -8.6338019398425148e-001  0.0000000000000000e+000  0.0000000000000000e+000  4.7077681587015704e-015
 -8.3763292690326652e-001 -1.3578778268494381e-002  4.7018626927299752e-002 -8.6452186135782672e-001  0.0000000000000000e+000  0.0000000000000000e+000  5.9801842565662290e-015
 -8.3744995413176426e-001 -1.3419088521189478e-002  4.6867908122759615e-002 -8.6565888564474192e-001  0.0000000000000000e+000  0.0000000000000000e+000  7.7431503506858826e-015
 -8.3726695096621506e-001 -1.3259026045022406e-002  4.6709980697937088e-002 -8.6679112930206481e-001  0.0000000000000000e+000  0.0000000000000000e+000  9.1579812117613603e-015
 -8.3708395488891141e-001 -1.3098647674996985e-002  4.6544871118427825e-002 -8.6791845523712507e-001  0.0000000000000000e+000  0.0000000000000000e+000  1.0022542935038452e-014
 -8.3690100354268737e-001 -1.2938009150688851e-002  4.6372606804134985e-002 -8.6904072679992350e-001  0.0000000000000000e+000  0.0000000000000000e+000  1.0346674164320835e-014
 -8.3671813471969492e-001 -1.2777165110841609e-002  4.6193216127713412e-002 -8.7015780777647367e-001  0.0000000000000000e+000  0.0000000000000000e+000  1.3632229793315987e-014
 -8.3653538635015889e-001 -1.2616169088384012e-002  4.6006728412986427e-002 -8.7126956238308195e-001  0.0000000000000000e+000  0.0000000000000000e+000  1.6671716497086554e-014
 -8.3635279649111560e-001 -1.2455073505850296e-002  4.5813173933330391e-002 -8.7237585526156836e-001  0.0000000000000000e+000  0.0000000000000000e+000  1.9180211024066537e-014
 -8.3617040331513570e-001 -1.2293929671185934e-002  4.5612583910020002e-002 -8.7347655147543135e-001  0.0000000000000000e+000  0.0000000000000000e+000  2.0862557209668203e-014
 -8.3598824509903480e-001 -1.2132787773923038e-002  4.5404990510531047e-002 -8.7457151650696097e-001  0.0000000000000000e+000  0.0000000000000000e+000  2.2318404432617723e-014
 -8.3580636021257315e-001 -1.1971696881710127e-002  4.5190426846794716e-002 -8.7566061625529912e-001  0.0000000000000000e+000  0.0000000000000000e+000  2.5683648544832146e-014
 -8.3562478710714716e-001 -1.1810704937181477e-002  4.4968926973397133e-002 -8.7674371703544951e-001  0.0000000000000000e+000  0.0000000000000000e+000  2.8091777388642544e-014
 -8.3544356430447508e-001 -1.1649858755153272e-002  4.4740525885721222e-002 -8.7782068557823656e-001  0.0000000000000000e+000  0.0000000000000000e+000  3.0582723226936327e-014
 -8.3526273038527732e-001 -1.1489204020133271e-002  4.4505259518022929e-002 -8.7889138903121478e-001  0.0000000000000000e+000  0.0000000000000000e+000  3.2455871680723139e-014
 -8.3508232397795634e-001 -1.1328785284133207e-002  4.4263164741438515e-002 -8.7995569496052117e-001  0.0000000000000000e+000  0.0000000000000000e+000  3.7959992054914714e-014
 -8.3490238374727543e-001 -1.1168645964772713e-002  4.4014279361917749e-002 -8.8101347135367636e-001  0.0000000000000000e+000  0.0000000000000000e+000  4.3544632262751476e-014
 -8.3472294838303929e-001 -1.1008828343664864e-002  4.3758642118076028e-002 -8.8206458662332521e-001  0.0000000000000000e+000  0.0000000000000000e+000  4.7681617858668770e-014
 -8.3454405658877928e-001 -1.0849373565074844e-002  4.3496292678962906e-002 -8.8310890961191635e-001  0.0000000000000000e+000  0.0000000000000000e+000  4.9890106634508495e-014
 -8.3436574707044397e-001 -1.0690321634843007e-002  4.3227271641739506e-002 -8.8414630959731588e-001  0.0000000000000000e+000  0.0000000000000000e+000  4.9729603767595262e-014
 -8.3418805852509759e-001 -1.0531711419565545e-002  4.2951620529261193e-002 -8.8517665629934783e-001  0.0000000000000000e+000  0.0000000000000000e+000  5.4554311841938867e-014
 -8.3401102962962814e-001 -1.0373580646025926e-002  4.2669381787560662e-002 -8.8619981988726071e-001  0.0000000000000000e+000  0.0000000000000000e+000  6.5686558405080337e-014
 -8.3383469902946705e-001 -1.0215965900871506e-002  4.2380598783224824e-002 -8.8721567098810716e-001  0.0000000000000000e+000  0.0000000000000000e+000  7.5389549205737821e-014
 -8.3365910532732279e-001 -1.0058902630530492e-002  4.2085315800662625e-002 -8.8822408069603409e-001  0.0000000000000000e+000  0.0000000000000000e+000  8.2964582641318094e-014
 -8.3348428707192967e-001 -9.9024251413649105e-003  4.1783578039257863e-002 -8.8922492058247482e-001  0.0000000000000000e+000  0.0000000000000000e+000  8.7733814153623773e-014
 -8.3331028274681329e-001 -9.7465666000561661e-003  4.1475431610401542e-002 -8.9021806270723203e-001  0.0000000000000000e+000  0.0000000000000000e+000  8.9752957580617972e-014
 -8.3313713075907714e-001 -9.5913590342206530e-003  4.1160923534400595e-002 -8.9120337963044394e-001  0.0000000000000000e+000  0.0000000000000000e+000  1.0131478804920364e-013
 -8.3296486942820813e-001 -9.4368333332530314e-003  4.0840101737257432e-002 -8.9218074442542628e-001  0.0000000000000000e+000  0.0000000000000000e+000  1.1005513140055216e-013
 -8.3279353697490754e-001 -9.2830192493961339e-003  4.0513015047314895e-002 -8.9315003069237253e-001  0.0000000000000000e+000  0.0000000000000000e+000  1.1521175879347224e-013
 -8.3262317150994536e-001 -9.1299453990364328e-003  4.0179713191763632e-002 -8.9411111257290887e-001  0.0000000000000000e+000  0.0000000000000000e+000  1.2128798823577166e-013
 -8.3245381102304306e-001 -8.9776392642254080e-003  3.9840246793006573e-002 -8.9506386476548550e-001  0.0000000000000000e+000  0.0000000000000000e+000  1.2491206801901627e-013
 -8.3228549337178503e-001 -8.8261271944268180e-003  3.9494667364875814e-002 -8.9600816254159377e-001  0.0000000000000000e+000  0.0000000000000000e+000  1.4200917470781935e-013
 -8.3211825627056146e-001 -8.6754344084911811e-003  3.9143027308698293e-002 -8.9694388176279782e-001  0.0000000000000000e+000  0.0000000000000000e+000  1.5820911516761310e-013
 -8.3195213727954442e-001 -8.5255849968590858e-003  3.8785379909205546e-002 -8.9787089889856220e-001  0.0000000000000000e+000  0.0000000000000000e+000  1.7022200176042899e-013
 -8.3178717379369993e-001 -8.3766019239954990e-003  3.8421779330283963e-002 -8.9878909104486215e-001  0.0000000000000000e+000  0.0000000000000000e+000  1.7712452724525212e-013
 -8.3162340303183713e-001 -8.2285070310573298e-003  3.8052280610560069e-002 -8.9969833594356252e-001  0.0000000000000000e+000  0.0000000000000000e+000  1.7812805149016032e-013
 -8.3146086202569724e-001 -8.0813210387979117e-003  3.7676939658819367e-002 -9.0059851200254715e-001  0.0000000000000000e+000  0.0000000000000000e+000  1.7262262034118217e-013
 -8.3129958760908529e-001 -7.9350635507114339e-003  3.7295813249252290e-002 -9.0148949831658054e-001  0.0000000000000000e+000  0.0000000000000000e+000  1.8530622744487517e-013
 -8.3113961640704559e-001 -7.7897530564214933e-003  3.6908959016525029e-002 -9.0237117468888706e-001  0.0000000000000000e+000  0.0000000000000000e+000  2.1350907849267655e-013
 -8.3098098482508420e-001 -7.6454069353182460e-003  3.6516435450672097e-002 -9.0324342165342597e-001  0.0000000000000000e+000  0.0000000000000000e+000  2.3717242806278831e-013
 -8.3082372903843993e-001 -7.5020414604483263e-003  3.6118301891804920e-002 -9.0410612049784445e-001  0.0000000000000000e+000  0.0000000000000000e+000  2.5505866152367233e-013
 -8.3066788498140764e-001 -7.3596718026631000e-003  3.5714618524635401e-002 -9.0495915328708887e-001  0.0000000000000000e+000  0.0000000000000000e+000  2.6607182185954871e-013
 -8.3051348833671446e-001 -7.2183120350303416e-003  3.5305446372810412e-002 -9.0580240288765268e-001  0.0000000000000000e+000  0.0000000000000000e+000  2.6931038759730672e-013
 -8.3036057452495304e-001 -7.0779751375147819e-003  3.4890847293053383e-002 -9.0663575299243926e-001  0.0000000000000000e+000  0.0000000000000000e+000  2.7528546241240028e-013
 -8.3020917869407385e-001 -6.9386730019334996e-003  3.4470883969111028e-002 -9.0745908814622056e-001  0.0000000000000000e+000  0.0000000000000000e+000  2.9716258753754013e-013
 -8.3005933570893820e-001 -6.8004164371921697e-003  3.4045619905501520e-002 -9.0827229377166252e-001  0.0000000000000000e+000  0.0000000000000000e+000  3.1142374042309310e-013
 -8.2991108014093651e-001 -6.6632151748083476e-003  3.3615119421062413e-002 -9.0907525619590113e-001  0.0000000000000000e+000  0.0000000000000000e+000  3.1711021407428906e-013
 -8.2976444625767243e-001 -6.5270778747279594e-003  3.3179447642294281e-002 -9.0986786267763919e-001  0.0000000000000000e+000  0.0000000000000000e+000  3.1814049540072941e-013
 -8.2961946801271746e-001 -6.3920121314418304e-003  3.2738670496499242e-002 -9.1065000143474217e-001  0.0000000000000000e+000  0.0000000000000000e+000  3.2012620032494783e-013
 -8.2947617903543702e-001 -6.2580244804084232e-003  3.2292854704710973e-002 -9.1142156167230548e-001  0.0000000000000000e+000  0.0000000000000000e+000  3.2013064873120868e-013
 -8.2933461262089325e-001 -6.1251204047895530e-003  3.1842067774414291e-002 -9.1218243361116857e-001  0.0000000000000000e+000  0.0000000000000000e+000  3.4818887472206016e-013
 -8.2919480171982396e-001 -5.9933043425057803e-003  3.1386377992053474e-002 -9.1293250851684904e-001  0.0000000000000000e+000  0.0000000000000000e+000  3.6740225417436163e-013
 -8.2905677892870433e-001 -5.8625796936177524e-003  3.0925854415324975e-002 -9.1367167872886768e-001  0.0000000000000000e+000  0.0000000000000000e+000  3.7678803097030332e-013
 -8.2892057647989181e-001 -5.7329488280406351e-003  3.0460566865256496e-002 -9.1439983769043731e-001  0.0000000000000000e+000  0.0000000000000000e+000  3.7568165598208226e-013
 -8.2878622623185849e-001 -5.6044130935974188e-003  2.9990585918067338e-002 -9.1511687997848845e-001  0.0000000000000000e+000  0.0000000000000000e+000  3.6377094519908615e-013
 -8.2865375965951293e-001 -5.4769728244181822e-003  2.9515982896811618e-002 -9.1582270133399934e-001  0.0000000000000000e+000  0.0000000000000000e+000  3.4111683081825953e-013
 -8.2852320784461608e-001 -5.3506273496909057e-003  2.9036829862800935e-002 -9.1651719869260373e-001  0.0000000000000000e+000  0.0000000000000000e+000  3.3520167031431666e-013
 -8.2839460146629307e-001 -5.2253750027707801e-003  2.8553199606808494e-002 -9.1720027021544281e-001  0.0000000000000000e+000  0.0000000000000000e+000  3.7247286025237525e-013
 -8.2826797079164460e-001 -5.1012131306528386e-003  2.8065165640050151e-002 -9.1787181532023543e-001  0.0000000000000000e+000  0.0000000000000000e+000  4.0025361895920491e-013
 -8.2814334566646108e-001 -4.9781381038145880e-003  2.7572802184945146e-002 -9.1853173471252902e-001  0.0000000000000000e+000  0.0000000000000000e+000  4.1754114757988956e-013
 -8.2802075550604337e-001 -4.8561453264335374e-003  2.7076184165654906e-002 -9.1917993041710544e-001  0.0000000000000000e+000  0.0000000000000000e+000  4.2368555139250251e-013
 -8.2790022928613149e-001 -4.7352292469848376e-003  2.6575387198399102e-002 -9.1981630580950546e-001  0.0000000000000000e+000  0.0000000000000000e+000  4.1841753723742321e-013
 -8.2778179553394760e-001 -4.6153833692239932e-003  2.6070487581550238e-002 -9.2044076564764232e-001  0.0000000000000000e+000  0.0000000000000000e+000  4.0186117806418278e-013
 -8.2766548231935377e-001 -4.4966002635590859e-003  2.5561562285506181e-002 -9.2105321610346869e-001  0.0000000000000000e+000  0.0000000000000000e+000  4.2233920856456721e-013
 -8.2755131724612918e-001 -4.3788715788166642e-003  2.5048688942341281e-002 -9.2165356479466654e-001  0.0000000000000000e+000  0.0000000000000000e+000  4.3389755656560646e-013
 -8.2743932744337079e-001 -4.2621880544051246e-003  2.4531945835237032e-002 -9.2224172081632416e-001  0.0000000000000000e+000  0.0000000000000000e+000  4.3404331013567394e-013
 -8.2732953955701893e-001 -4.1465395328788707e-003  2.4011411887692739e-002 -9.2281759477256808e-001  0.0000000000000000e+000  0.0000000000000000e+000  4.2287696250714723e-013
 -8.2722197974151346e-001 -4.0319149729060207e-003  2.3487166652516690e-002 -9.2338109880811658e-001  0.0000000000000000e+000  0.0000000000000000e+000  4.1349404384788136e-013
 -8.2711667365158170e-001 -3.9183024626426293e-003  2.2959290300601030e-002 -9.2393214663971657e-001  0.0000000000000000e+000  0.0000000000000000e+000  3.9745534541203086e-013
 -8.2701364643416364e-001 -3.8056892335146838e-003  2.2427863609478956e-002 -9.2447065358743652e-001  0.0000000000000000e+000  0.0000000000000000e+000  3.7963247099982931e-013
 -8.2691292272047645e-001 -3.6940616744100766e-003  2.1892967951668847e-002 -9.2499653660577308e-001  0.0000000000000000e+000  0.0000000000000000e+000  3.9239291681926521e-013
 -8.2681452661822175e-001 -3.5834053462808725e-003  2.1354685282804365e-002 -9.2550971431454443e-001  0.0000000000000000e+000  0.0000000000000000e+000  3.9416115673387266e-013
 -8.2671848170394047e-001 -3.4737049971569640e-003  2.0813098129555535e-002 -9.2601010702952935e-001  0.0000000000000000e+000  0.0000000000000000e+000  3.8520339695521719e-013
 -8.2662481101551577e-001 -3.3649445775701813e-003  2.0268289577339699e-002 -9.2649763679282449e-001  0.0000000000000000e+000  0.0000000000000000e+000  3.6615678925177814e-013
 -8.2653353704483168e-001 -3.2571072563891044e-003  1.9720343257828555e-002 -9.2697222740287732e-001  0.0000000000000000e+000  0.0000000000000000e+000  3.3799751357483260e-013
 -8.2644468173058627e-001 -3.1501754370624330e-003  1.9169343336250703e-002 -9.2743380444416934e-001  0.0000000000000000e+000  0.0000000000000000e+000  3.0199555067682502e-013
 -8.2635826645126575e-001 -3.0441307742696852e-003  1.8615374498494715e-002 -9.2788229531650690e-001  0.0000000000000000e+000  0.0000000000000000e+000  2.7628757738008412e-013
 -8.2627431201828228e-001 -2.9389541909762618e-003  1.8058521938014459e-002 -9.2831762926389472e-001  0.0000000000000000e+000  0.0000000000000000e+000  2.9198293089488098e-013
 -8.2619283866927717e-001 -2.8346258958902946e-003  1.7498871342541668e-002 -9.2873973740295046e-001  0.0000000000000000e+000  0.0000000000000000e+000  2.9822416030699293e-013
 -8.2611386606159543e-001 -2.7311254013170395e-003  1.6936508880606844e-002 -9.2914855275083219e-001  0.0000000000000000e+000  0.0000000000000000e+000  2.9536351991371587e-013
 -8.2603741326593150e-001 -2.6284315414068947e-003  1.6371521187874528e-002 -9.2954401025264433e-001  0.0000000000000000e+000  0.0000000000000000e+000  2.8407515035920759e-013
 -8.2596349876015296e-001 -2.5265224907919364e-003  1.5803995353296005e-002 -9.2992604680828972e-001  0.0000000000000000e+000  0.0000000000000000e+000  2.6531550502110875e-013
 -8.2589214042330206e-001 -2.4253757836051608e-003  1.5234018905081952e-002 -9.3029460129873576e-001  0.0000000000000000e+000  0.0000000000000000e+000  2.4027288073188251e-013
 -8.2582335552978059e-001 -2.3249683328767012e-003  1.4661679796502857e-002 -9.3064961461166329e-001  0.0000000000000000e+000  0.0000000000000000e+000  2.4159354971408991e-013
 -8.2575716074371941e-001 -2.2252764502995212e-003  1.4087066391517623e-002 -9.3099102966646852e-001  0.0000000000000000e+000  0.0000000000000000e+000  2.3548379861737770e-013
 -8.2569357211353622e-001 -2.1262758663576679e-003  1.3510267450238299e-002 -9.3131879143858542e-001  0.0000000000000000e+000  0.0000000000000000e+000  2.2272918083622032e-013
 -8.2563260506668490e-001 -2.0279417508085509e-003  1.2931372114233522e-002 -9.3163284698310012e-001  0.0000000000000000e+000  0.0000000000000000e+000  2.1291087904485006e-013
 -8.2557427440459796e-001 -1.9302487335107461e-003  1.2350469891677306e-002 -9.3193314545763062e-001  0.0000000000000000e+000  0.0000000000000000e+000  1.9761155649921976e-013
 -8.2551859429782604e-001 -1.8331709255878222e-003  1.1767650642346953e-002 -9.3221963814444009e-001  0.0000000000000000e+000  0.0000000000000000e+000  1.7777834011044221e-013
 -8.2546557828137634e-001 -1.7366819409183421e-003  1.1183004562476494e-002 -9.3249227847175875e-001  0.0000000000000000e+000  0.0000000000000000e+000  1.6341067195195455e-013
 -8.2541523925025306e-001 -1.6407549179414860e-003  1.0596622169470726e-002 -9.3275102203428717e-001  0.0000000000000000e+000  0.0000000000000000e+000  1.5645969407424210e-013
 -8.2536758945520139e-001 -1.5453625417670544e-003  1.0008594286485227e-002 -9.3299582661285729e-001  0.0000000000000000e+000  0.0000000000000000e+000  1.4478665944735467e-013
 -8.2532264049865844e-001 -1.4504770665784183e-003  9.4190120268789427e-003 -9.3322665219322232e-001  0.0000000000000000e+000  0.0000000000000000e+000  1.2944691762467960e-013
 -8.2528040333091257e-001 -1.3560703383159289e-003  8.8279667785443536e-003 -9.3344346098395747e-001  0.0000000000000000e+000  0.0000000000000000e+000  1.1156664380112753e-013
 -8.2524088824647446e-001 -1.2621138176282516e-003  8.2355501881221215e-003 -9.3364621743344522e-001  0.0000000000000000e+000  0.0000000000000000e+000  9.2283762174264413e-014
 -8.2520410488065932e-001 -1.1685786030782750e-003  7.6418541451058275e-003 -9.3383488824592464e-001  0.0000000000000000e+000  0.0000000000000000e+000  7.2690921011788670e-014
 -8.2517006220638633e-001 -1.0754354545898779e-003  7.0469707658435410e-003 -9.3400944239658501e-001  0.0000000000000000e+000  0.0000000000000000e+000  6.8059826832103176e-014
 -8.2513876853119250e-001 -9.8265481712141037e-004  6.4509923774425902e-003 -9.3416985114568429e-001  0.0000000000000000e+000  0.0000000000000000e+000  6.2467668474107033e-014
 -8.2511023149446683e-001 -8.9020684455120257e-004  5.8540115015838709e-003 -9.3431608805167410e-001  0.0000000000000000e+000  0.0000000000000000e+000  5.4612756576820833e-014
 -8.2508445806490283e-001 -7.9806142376013395e-004  5.2561208382528347e-003 -9.3444812898331542e-001  0.0000000000000000e+000  0.0000000000000000e+000  4.5362628982848758e-014
 -8.2506145453817392e-001 -7.0618819889579226e-004  4.6574132493934365e-003 -9.3456595213076787e-001  0.0000000000000000e+000  0.0000000000000000e+000  3.5569803718485776e-014
 -8.2504122653483092e-001 -6.1455659580249484e-004  4.0579817424922348e-003 -9.3466953801563968e-001  0.0000000000000000e+000  0.0000000000000000e+000  2.9164575231313470e-014
 -8.2502377899842316e-001 -5.2313584660106593e-004  3.4579194540995685e-003 -9.3475886949998710e-001  0.0000000000000000e+000  0.0000000000000000e+000  2.4398554936254486e-014
 -8.2500911619384631e-001 -4.3189501440197713e-004  2.8573196332945697e-003 -9.3483393179424590e-001  0.0000000000000000e+000  0.0000000000000000e+000  2.0368394435376528e-014
 -8.2499724170591437e-001 -3.4080301813521060e-004  2.2562756251014011e-003 -9.3489471246409239e-001  0.0000000000000000e+000  0.0000000000000000e+000  1.5848175106233746e-014
 -8.2498815843816009e-001 -2.4982865747999531e-004  1.6548808538638254e-003 -9.3494120143621862e-001  0.0000000000000000e+000  0.0000000000000000e+000  1.1500691629497942e-014
 -8.2498186861186262e-001 -1.5894063787726709e-004  1.0532288065849809e-003 -9.3497339100301780e-001  0.0000000000000000e+000  0.0000000000000000e+000  7.9056519000463186e-015
 -8.2497837376530292e-001 -6.8107595607681885e-005  4.5141301623997688e-004 -9.3499127582617481e-001  0.0000000000000000e+000  0.0000000000000000e+000  5.5218900309884201e-015
 -8.2497767475324890e-001  2.2701877082199415e-005 -1.5047295493153735e-004 -9.3499485293915108e-001  0.0000000000000000e+000  0.0000000000000000e+000  4.8870559802319023e-015
 -8.2497977174666826e-001  1.1351920682307276e-004 -7.5233553214576032e-004 -9.3498412174857037e-001  0.0000000000000000e+000  0.0000000000000000e+000  6.5392821875602509e-015
 -8.2498466423267180e-001  2.0437581395283991e-004 -1.3540811448003699e-003 -9.3495908403449368e-001  0.0000000000000000e+000  0.0000000000000000e+000  9.5772137594987532e-015
 -8.2499235101468493e-001  2.9530308735099565e-004 -1.9556162431986030e-003 -9.3491974394958954e-001  0.0000000000000000e+000  0.0000000000000000e+000  1.3614184893754190e-014
 -8.2500283021284881e-001  3.8633235929491340e-004 -2.5568473152639813e-003 -9.3486610801719916e-001  0.0000000000000000e+000  0.0000000000000000e+000  1.8126659276407524e-014
 -8.2501609926465047e-001  4.7749488035557123e-004 -3.1576809032386462e-003 -9.3479818512829682e-001  0.0000000000000000e+000  0.0000000000000000e+000  2.2488236458808283e-014
 -8.2503215492578030e-001  5.6882179435016123e-004 -3.7580236203581759e-003 -9.3471598653735255e-001  0.0000000000000000e+000  0.0000000000000000e+000  2.6878566796921727e-014
 -8.2505099327121967e-001  6.6034411336881541e-004 -4.3577821674950883e-003 -9.3461952585710018e-001  0.0000000000000000e+000  0.0000000000000000e+000  3.1143680681692782e-014
 -8.2507260969655327e-001  7.5209269289272193e-004 -4.9568633497645989e-003 -9.3450881905221872e-001  0.0000000000000000e+000  0.0000000000000000e+000  4.0482746367988781e-014
 -8.2509699891951038e-001  8.4409820702050842e-004 -5.5551740930847512e-003 -9.3438388443193421e-001  0.0000000000000000e+000  0.0000000000000000e+000  5.0107858096285561e-014
 -8.2512415498173008e-001  9.3639112381971312e-004 -6.1526214606841710e-003 -9.3424474264155322e-001  0.0000000000000000e+000  0.0000000000000000e+000  5.8769091511838115e-014
 -8.2515407125075202e-001  1.0290016808198613e-003 -6.7491126695503941e-003 -9.3409141665293749e-001  0.0000000000000000e+000  0.0000000000000000e+000  6.5599971475342557e-014
 -8.2518674042223061e-001  1.1219598606633887e-003 -7.3445551068116489e-003 -9.3392393175393107e-001  0.0000000000000000e+000  0.0000000000000000e+000  6.9745069031113321e-014
 -8.2522215452237058e-001  1.2152953669303098e-003 -7.9388563460452179e-003 -9.3374231553675724e-001  0.0000000000000000e+000  0.0000000000000000e+000  8.2461036375169157e-014
 -8.2526030491058444e-001  1.3090376001522997e-003 -8.5319241635057191e-003 -9.3354659788539551e-001  0.0000000000000000e+000  0.0000000000000000e+000  1.0203053557076719e-013
 -8.2530118228236804e-001  1.4032156340313205e-003 -9.1236665542662864e-003 -9.3333681096195797e-001  0.0000000000000000e+000  0.0000000000000000e+000  1.2075281703301178e-013
 -8.2534477667239503e-001  1.4978581918777282e-003 -9.7139917482663308e-003 -9.3311298919208052e-001  0.0000000000000000e+000  0.0000000000000000e+000  1.3750570569852641e-013
 -8.2539107745782525e-001  1.5929936232821490e-003 -1.0302808226259105e-002 -9.3287516924934966e-001  0.0000000000000000e+000  0.0000000000000000e+000  1.5114982804474431e-013
 -8.2544007336182901e-001  1.6886498810351959e-003 -1.0890024735652711e-002 -9.3262339003878170e-001  0.0000000000000000e+000  0.0000000000000000e+000  1.6058702239206369e-013
 -8.2549175245732220e-001  1.7848544983084880e-003 -1.1475550306238832e-002 -9.3235769267937818e-001  0.0000000000000000e+000  0.0000000000000000e+000  1.6654447345120025e-013
 -8.2554610217091084e-001  1.8816345661098587e-003 -1.2059294265801521e-002 -9.3207812048577643e-001  0.0000000000000000e+000  0.0000000000000000e+000  1.8818627091210216e-013
 -8.2560310928704461e-001  1.9790167110254205e-003 -1.2641166255602087e-002 -9.3178471894902204e-001  0.0000000000000000e+000  0.0000000000000000e+000  2.0590181094300304e-013
 -8.2566275995237426e-001  2.0770270732603669e-003 -1.3221076245732894e-002 -9.3147753571648295e-001  0.0000000000000000e+000  0.0000000000000000e+000  2.1850071002546699e-013
 -8.2572503968031319e-001  2.1756912849897224e-003 -1.3798934550333774e-002 -9.3115662057093374e-001  0.0000000000000000e+000  0.0000000000000000e+000  2.2987420684748962e-013
 -8.2578993335579809e-001  2.2750344490301789e-003 -1.4374651842667381e-002 -9.3082202540883530e-001  0.0000000000000000e+000  0.0000000000000000e+000  2.3942899671023505e-013
 -8.2585742524024908e-001  2.3750811178431174e-003 -1.4948139170046526e-002 -9.3047380421783366e-001  0.0000000000000000e+000  0.0000000000000000e+000  2.4187553940315001e-013
 -8.2592749897672324e-001  2.4758552728783864e-003 -1.5519307968608752e-002 -9.3011201305351110e-001  0.0000000000000000e+000  0.0000000000000000e+000  2.5349780501302049e-013
 -8.2600013759526236e-001  2.5773803042679860e-003 -1.6088070077932490e-002 -9.2973671001541236e-001  0.0000000000000000e+000  0.0000000000000000e+000  2.7555974686106152e-013
 -8.2607532351842894e-001  2.6796789908781430e-003 -1.6654337755491321e-002 -9.2934795522237934e-001  0.0000000000000000e+000  0.0000000000000000e+000  2.9071909580569264e-013
 -8.2615303856702960e-001  2.7827734807274315e-003 -1.7218023690939992e-002 -9.2894581078722271e-001  0.0000000000000000e+000  0.0000000000000000e+000  2.9789657916719074e-013
 -8.2623326396602237e-001  2.8866852717782570e-003 -1.7779041020228439e-002 -9.2853034079075936e-001  0.0000000000000000e+000  0.0000000000000000e+000  2.9627121913999123e-013
 -8.2631598035060416e-001  2.9914351931081863e-003 -1.8337303339539444e-002 -9.2810161125525004e-001  0.0000000000000000e+000  0.0000000000000000e+000  2.8532563722589440e-013
 -8.2640116777247696e-001  3.0970433864670492e-003 -1.8892724719045347e-002 -9.2765969011726568e-001  0.0000000000000000e+000  0.0000000000000000e+000  2.8151706378004031e-013
 -8.2648880570628758e-001  3.2035292882251175e-003 -1.9445219716480389e-002 -9.2720464720001761e-001  0.0000000000000000e+000  0.0000000000000000e+000  3.2088749526255395e-013
 -8.2657887305623912e-001  3.3109116117169945e-003 -1.9994703390524324e-002 -9.2673655418518175e-001  0.0000000000000000e+000  0.0000000000000000e+000  3.5314313450786381e-013
 -8.2667134816287147e-001  3.4192083299852518e-003 -2.0541091313993943e-002 -9.2625548458424944e-001  0.0000000000000000e+000  0.0000000000000000e+000  3.7688766428711461e-013
 -8.2676620881000518e-001  3.5284366589272104e-003 -2.1084299586839605e-002 -9.2576151370944337e-001  0.0000000000000000e+000  0.0000000000000000e+000  3.9099159415054802e-013
 -8.2686343223184855e-001  3.6386130408475647e-003 -2.1624244848942181e-002 -9.2525471864422437e-001  0.0000000000000000e+000  0.0000000000000000e+000  3.9464339423321077e-013
 -8.2696299512026206e-001  3.7497531284191306e-003 -2.2160844292708964e-002 -9.2473517821343054e-001  0.0000000000000000e+000  0.0000000000000000e+000  3.8738829385502867e-013
 -8.2706487363217807e-001  3.8618717690533581e-003 -2.2694015675465272e-002 -9.2420297295307563e-001  0.0000000000000000e+000  0.0000000000000000e+000  3.8558250501902180e-013
 -8.2716904339717212e-001  3.9749829896812182e-003 -2.3223677331638087e-002 -9.2365818507984920e-001  0.0000000000000000e+000  0.0000000000000000e+000  4.0679166808801664e-013
 -8.2727547952518266e-001  4.0890999819453953e-003 -2.3749748184731176e-002 -9.2310089846034449e-001  0.0000000000000000e+000  0.0000000000000000e+000  4.1748739691263095e-013
 -8.2738415661437514e-001  4.2042350878032427e-003 -2.4272147759088366e-002 -9.2253119858005461e-001  0.0000000000000000e+000  0.0000000000000000e+000  4.2985261410374743e-013
 -8.2749504875914803e-001  4.3203997855398701e-003 -2.4790796191442418e-002 -9.2194917251216812e-001  0.0000000000000000e+000  0.0000000000000000e+000  4.3539991727097683e-013
 -8.2760812955827645e-001  4.4376046761903159e-003 -2.5305614242249919e-002 -9.2135490888620097e-001  0.0000000000000000e+000  0.0000000000000000e+000  4.2953589765466302e-013
 -8.2772337212319047e-001  4.5558594703689077e-003 -2.5816523306808229e-002 -9.2074849785649493e-001  0.0000000000000000e+000  0.0000000000000000e+000  4.1235616092218386e-013
 -8.2784074908638505e-001  4.6751729755035616e-003 -2.6323445426154377e-002 -9.2013003107062252e-001  0.0000000000000000e+000  0.0000000000000000e+000  4.1152725022817456e-013
 -8.2796023260995644e-001  4.7955530834724218e-003 -2.6826303297744783e-002 -9.1949960163772804e-001  0.0000000000000000e+000  0.0000000000000000e+000  4.2247960520742639e-013
 -8.2808179439426499e-001  4.9170067586397619e-003 -2.7325020285914582e-002 -9.1885730409683897e-001  0.0000000000000000e+000  0.0000000000000000e+000  4.2203221607723433e-013
 -8.2820540568671697e-001  5.0395400262873216e-003 -2.7819520432115562e-002 -9.1820323438518425e-001  0.0000000000000000e+000  0.0000000000000000e+000  4.1025832161922913e-013
 -8.2833103729066504e-001  5.1631579614374564e-003 -2.8309728464932949e-002 -9.1753748980654926e-001  0.0000000000000000e+000  0.0000000000000000e+000  3.8762006784303524e-013
 -8.2845865957442288e-001  5.2878646780634749e-003 -2.8795569809879656e-002 -9.1686016899970302e-001  0.0000000000000000e+000  0.0000000000000000e+000  3.5494815342236574e-013
 -8.2858824248039076e-001  5.4136633186827252e-003 -2.9276970598969408e-002 -9.1617137190692954e-001  0.0000000000000000e+000  0.0000000000000000e+000  3.2588389424571241e-013
 -8.2871975553428856e-001  5.5405560443272193e-003 -2.9753857680066768e-002 -9.1547119974269453e-001  0.0000000000000000e+000  0.0000000000000000e+000  3.5376815836500592e-013
 -8.2885316785449348e-001  5.6685440248865591e-003 -3.0226158626015628e-002 -9.1475975496248119e-001  0.0000000000000000e+000  0.0000000000000000e+000  3.7108192482984835e-013
 -8.2898844816147832e-001  5.7976274298178337e-003 -3.0693801743547463e-002 -9.1403714123182589e-001  0.0000000000000000e+000  0.0000000000000000e+000  3.7757444460552833e-013
 -8.2912556478734911e-001  5.9278054192162611e-003 -3.1156716081967149e-002 -9.1330346339558333e-001  0.0000000000000000e+000  0.0000000000000000e+000  3.7337304732590219e-013
 -8.2926448568547562e-001  6.0590761352408958e-003 -3.1614831441620264e-002 -9.1255882744745476e-001  0.0000000000000000e+000  0.0000000000000000e+000  3.5896956538607348e-013
 -8.2940517844021500e-001  6.1914366938891864e-003 -3.2068078382140978e-002 -9.1180334049980605e-001  0.0000000000000000e+000  0.0000000000000000e+000  3.3519269819854204e-013
 -8.2954761027672352e-001  6.3248831771138166e-003 -3.2516388230482147e-002 -9.1103711075380756e-001  0.0000000000000000e+000  0.0000000000000000e+000  3.1756496092502671e-013
 -8.2969174807085366e-001  6.4594106252757943e-003 -3.2959693088729397e-002 -9.1026024746992185e-001  0.0000000000000000e+000  0.0000000000000000e+000  3.2029877613450856e-013
 -8.2983755835913442e-001  6.5950130299266916e-003 -3.3397925841700073e-002 -9.0947286093877333e-001  0.0000000000000000e+000  0.0000000000000000e+000  3.1650987891478140e-013
 -8.2998500734882996e-001  6.7316833269141967e-003 -3.3831020164329637e-002 -9.0867506245241803e-001  0.0000000000000000e+000  0.0000000000000000e+000  3.1538885214225549e-013
 -8.3013406092807673e-001  6.8694133898034131e-003 -3.4258910528845887e-002 -9.0786696427605162e-001  0.0000000000000000e+000  0.0000000000000000e+000  3.0531078958802332e-013
 -8.3028468467609240e-001  7.0081940236083121e-003 -3.4681532211735151e-002 -9.0704867962017344e-001  0.0000000000000000e+000  0.0000000000000000e+000  2.8710696954941013e-013
 -8.3043684387345751e-001  7.1480149588258584e-003 -3.5098821300500321e-002 -9.0622032261323793e-001  0.0000000000000000e+000  0.0000000000000000e+000  2.6779736438716826e-013
 -8.3059050351246433e-001  7.2888648457669816e-003 -3.5510714700214892e-002 -9.0538200827481397e-001  0.0000000000000000e+000  0.0000000000000000e+000  2.6871034353775504e-013
 -8.3074562830753163e-001  7.4307312491776007e-003 -3.5917150139874822e-002 -9.0453385248928242e-001  0.0000000000000000e+000  0.0000000000000000e+000  2.6148586300002797e-013
 -8.3090218270568217e-001  7.5736006431436137e-003 -3.6318066178550663e-002 -9.0367597198009009e-001  0.0000000000000000e+000  0.0000000000000000e+000  2.4691014240163622e-013
 -8.3106013089708042e-001  7.7174584062735347e-003 -3.6713402211342762e-002 -9.0280848428458771e-001  0.0000000000000000e+000  0.0000000000000000e+000  2.2598821487820793e-013
 -8.3121943682562838e-001  7.8622888171532481e-003 -3.7103098475143113e-002 -9.0193150772946962e-001  0.0000000000000000e+000  0.0000000000000000e+000  1.9989372777413439e-013
 -8.3138006419961563e-001  8.0080750500666157e-003 -3.7487096054205853e-002 -9.0104516140684343e-001  0.0000000000000000e+000  0.0000000000000000e+000  1.6991420933666907e-013
 -8.3154197650242279e-001  8.1547991709771291e-003 -3.7865336885530940e-002 -9.0014956515094480e-001  0.0000000000000000e+000  0.0000000000000000e+000  1.7621899339011093e-013
 -8.3170513700327509e-001  8.3024421337648709e-003 -3.8237763764062717e-002 -8.9924483951552026e-001  0.0000000000000000e+000  0.0000000000000000e+000  1.7840645942764635e-013
 -8.3186950876804333e-001  8.4509837767142732e-003 -3.8604320347708089e-002 -8.9833110575189890e-001  0.0000000000000000e+000  0.0000000000000000e+000  1.7436504237778454e-013
 -8.3203505467009120e-001  8.6004028192481746e-003 -3.8964951162177665e-002 -8.9740848578776888e-001  0.0000000000000000e+000  0.0000000000000000e+000  1.6479926063130150e-013
 -8.3220173740116477e-001  8.7506768589038775e-003 -3.9319601605652947e-002 -8.9647710220667920e-001  0.0000000000000000e+000  0.0000000000000000e+000  1.5057083663293030e-013
 -8.3236951948232363e-001  8.9017823685473597e-003 -3.9668217953283430e-002 -8.9553707822828499e-001  0.0000000000000000e+000  0.0000000000000000e+000  1.3265284777870307e-013
 -8.3253836327491104e-001  9.0536946938228665e-003 -4.0010747361518870e-002 -8.9458853768935021e-001  0.0000000000000000e+000  0.0000000000000000e+000  1.2365656984075632e-013
 -8.3270823099155944e-001  9.2063880508343084e-003 -4.0347137872278137e-002 -8.9363160502552552e-001  0.0000000000000000e+000  0.0000000000000000e+000  1.1789069050203866e-013
 -8.3287908470723182e-001  9.3598355240566908e-003 -4.0677338416961556e-002 -8.9266640525391838e-001  0.0000000000000000e+000  0.0000000000000000e+000  1.1312632375795831e-013
 -8.3305088637029445e-001  9.5140090644752744e-003 -4.1001298820308750e-002 -8.9169306395646686e-001  0.0000000000000000e+000  0.0000000000000000e+000  1.0608673234855805e-013
 -8.3322359781362021e-001  9.6688794879514449e-003 -4.1318969804107555e-002 -8.9071170726413296e-001  0.0000000000000000e+000  0.0000000000000000e+000  9.5836819418385997e-014
 -8.3339718076572045e-001  9.8244164738143323e-003 -4.1630302990757512e-002 -8.8972246184192816e-001  0.0000000000000000e+000  0.0000000000000000e+000  8.8868963336089627e-014
 -8.3357159686190219e-001  9.9805885636780091e-003 -4.1935250906693151e-002 -8.8872545487478471e-001  0.0000000000000000e+000  0.0000000000000000e+000  8.5740497050775747e-014
 -8.3374680765545017e-001  1.0137363160484776e-002 -4.2233766985671051e-002 -8.8772081405428294e-001  0.0000000000000000e+000  0.0000000000000000e+000  7.9486330713302358e-014
 -8.3392277462883146e-001  1.0294706527775583e-002 -4.2525805571925285e-002 -8.8670866756624556e-001  0.0000000000000000e+000  0.0000000000000000e+000  7.0760456183610771e-014
 -8.3409945920491946e-001  1.0452583789188985e-002 -4.2811321923196109e-002 -8.8568914407921262e-001  0.0000000000000000e+000  0.0000000000000000e+000  6.0255559765649397e-014
 -8.3427682275823656e-001  1.0610958928191687e-002 -4.3090272213636906e-002 -8.8466237273380177e-001  0.0000000000000000e+000  0.0000000000000000e+000  4.8667818176493464e-014
 -8.3445482662621395e-001  1.0769794788042988e-002 -4.3362613536603492e-002 -8.8362848313296738e-001  0.0000000000000000e+000  0.0000000000000000e+000  5.0131148212911115e-014
 -8.3463343212046459e-001  1.0929053071997418e-002 -4.3628303907330537e-002 -8.8258760533316361e-001  0.0000000000000000e+000  0.0000000000000000e+000  4.9055737538984687e-014
 -8.3481260053807016e-001  1.1088694343750141e-002 -4.3887302265501679e-002 -8.8153986983642085e-001  0.0000000000000000e+000  0.0000000000000000e+000  4.5824744536382923e-014
 -8.3499229317287738e-001  1.1248678028130005e-002 -4.4139568477715309e-002 -8.8048540758334148e-001  0.0000000000000000e+000  0.0000000000000000e+000  4.0902419205707561e-014
 -8.3517247132680406e-001  1.1408962412046928e-002 -4.4385063339854522e-002 -8.7942434994702223e-001  0.0000000000000000e+000  0.0000000000000000e+000  3.4779141130652899e-014
 -8.3535309632115151e-001  1.1569504645700012e-002 -4.4623748579363132e-002 -8.7835682872790699e-001  0.0000000000000000e+000  0.0000000000000000e+000  3.1700023161923144e-014
 -8.3553412950792205e-001  1.1730260744054401e-002 -4.4855586857434855e-002 -8.7728297614957551e-001  0.0000000000000000e+000  0.0000000000000000e+000  2.9148759646527562e-014
 -8.3571553228113893e-001  1.1891185588595348e-002 -4.5080541771119843e-002 -8.7620292485547291e-001  0.0000000000000000e+000  0.0000000000000000e+000  2.7029189465575098e-014
 -8.3589726608816761e-001  1.2052232929368733e-002 -4.5298577855354114e-002 -8.7511680790658297e-001  0.0000000000000000e+000  0.0000000000000000e+000  2.4098745787951625e-014
 -8.3607929244103629e-001  1.2213355387318795e-002 -4.5509660584916956e-002 -8.7402475878004526e-001  0.0000000000000000e+000  0.0000000000000000e+000  2.1303375911794111e-014
 -8.3626157292775261e-001  1.2374504456933508e-002 -4.5713756376321156e-002 -8.7292691136872291e-001  0.0000000000000000e+000  0.0000000000000000e+000  2.0143010046489085e-014
 -8.3644406922361558e-001  1.2535630509210336e-002 -4.5910832589641640e-002 -8.7182339998171643e-001  0.0000000000000000e+000  0.0000000000000000e+000  1.8010750722055369e-014
 -8.3662674310252017e-001  1.2696682794954863e-002 -4.6100857530288038e-002 -8.7071435934583008e-001  0.0000000000000000e+000  0.0000000000000000e+000  1.5200098910584613e-014
 -8.3680955644825239e-001  1.2857609448426449e-002 -4.6283800450725575e-002 -8.6959992460798474e-001  0.0000000000000000e+000  0.0000000000000000e+000  1.2003258688587443e-014
 -8.3699247126577292e-001  1.3018357491345634e-002 -4.6459631552150167e-002 -8.6848023133857866e-001  0.0000000000000000e+000  0.0000000000000000e+000  1.0187287527376326e-014
 -8.3717544969248670e-001  1.3178872837278989e-002 -4.6628321986122864e-002 -8.6735541553579532e-001  0.0000000000000000e+000  0.0000000000000000e+000  9.6715152689748578e-015
 -8.3735845400949638e-001  1.3339100296418141e-002 -4.6789843856168509e-002 -8.6622561363085393e-001  0.0000000000000000e+000  0.0000000000000000e+000  8.5067444764638101e-015
 -8.3754144665283681e-001  1.3498983580770911e-002 -4.6944170219345049e-002 -8.6509096249419848e-001  0.0000000000000000e+000  0.0000000000000000e+000  6.8926161033324738e-015
 -8.3772439022468925e-001  1.3658465309782489e-002 -4.7091275087786350e-002 -8.6395159944262345e-001  0.0000000000000000e+000  0.0000000000000000e+000  5.0605676092383309e-015
 -8.3790724750457102e-001  1.3817487016407342e-002 -4.7231133430226960e-002 -8.6280766224732797e-001  0.0000000000000000e+000  0.0000000000000000e+000  4.3459110118366546e-015
 -8.3808998146049996e-001  1.3975989153651277e-002 -4.7363721173511168e-002 -8.6165928914289447e-001  0.0000000000000000e+000  0.0000000000000000e+000  3.6845489537840258e-015
 -8.3827255526012889e-001  1.4133911101605922e-002 -4.7489015204092870e-002 -8.6050661883718393e-001  0.0000000000000000e+000  0.0000000000000000e+000  3.5328852862962820e-015
 -8.3845493228184953e-001  1.4291191174998096e-002 -4.7606993369531780e-002 -8.5934979052213978e-001  0.0000000000000000e+000  0.0000000000000000e+000  3.2013786440828212e-015
 -8.3863707612586091e-001  1.4447766631277109e-002 -4.7717634479989619e-002 -8.5818894388549150e-001  0.0000000000000000e+000  0.0000000000000000e+000  2.5398551606317446e-015
 -8.3881895062520084e-001  1.4603573679265239e-002 -4.7820918309733590e-002 -8.5702421912334836e-001  0.0000000000000000e+000  0.0000000000000000e+000  2.8825061837435807e-015
 -8.3900051985673618e-001  1.4758547488395923e-002 -4.7916825598649529e-002 -8.5585575695367211e-001  0.0000000000000000e+000  0.0000000000000000e+000  2.9845551013555319e-015
 -8.3918174815210966e-001  1.4912622198566861e-002 -4.8005338053772342e-002 -8.5468369863061622e-001  0.0000000000000000e+000  0.0000000000000000e+000  2.7701058936950658e-015
 -8.3936260010863928e-001  1.5065730930634782e-002 -4.8086438350836341e-002 -8.5350818595972011e-001  0.0000000000000000e+000  0.0000000000000000e+000  2.9103979758138454e-015
 -8.3954304060016716e-001  1.5217805797580662e-002 -4.8160110135852648e-002 -8.5232936131394244e-001  0.0000000000000000e+000  0.0000000000000000e+000  2.7964066293517262e-015
 -8.3972303478785382e-001  1.5368777916374305e-002 -4.8226338026716845e-002 -8.5114736765051890e-001  0.0000000000000000e+000  0.0000000000000000e+000  2.6278786056819181e-015
 -8.3990254813091458e-001  1.5518577420568270e-002 -4.8285107614851462e-002 -8.4996234852862873e-001  0.0000000000000000e+000  0.0000000000000000e+000  2.3099169830218244e-015
 -8.4008154639729460e-001  1.5667133473652870e-002 -4.8336405466890345e-002 -8.4877444812785052e-001  0.0000000000000000e+000  0.0000000000000000e+000  1.9459381656913295e-015
 -8.4025999567427700e-001  1.5814374283203165e-002 -4.8380219126406165e-002 -8.4758381126739013e-001  0.0000000000000000e+000  0.0000000000000000e+000  1.6297000397282554e-015
 -8.4043786237902218e-001  1.5960227115851707e-002 -4.8416537115688850e-002 -8.4639058342605855e-001  0.0000000000000000e+000  0.0000000000000000e+000  1.1807309711779721e-015
 -8.4061511326903149e-001  1.6104618313119570e-002 -4.8445348937576314e-002 -8.4519491076297970e-001  0.0000000000000000e+000  0.0000000000000000e+000  6.7120604065426471e-016
 -8.4079171545253306e-001  1.6247473308141139e-002 -4.8466645077345119e-002 -8.4399694013900362e-001  0.0000000000000000e+000  0.0000000000000000e+000  2.8966639508146689e-016
 -8.4096763639878358e-001  1.6388716643316755e-002 -4.8480417004661970e-002 -8.4279681913880022e-001  0.0000000000000000e+000  0.0000000000000000e+000  2.8966639734905934e-016
 -8.4114284394828176e-001  1.6528271988929710e-002 -4.8486657175602750e-002 -8.4159469609360960e-001  0.0000000000000000e+000  0.0000000000000000e+000  6.7120604553986518e-016
 -8.4131730632288892e-001  1.6666062162763881e-002 -4.8485359034741785e-002 -8.4039072010461824e-001  0.0000000000000000e+000  0.0000000000000000e+000  1.1807309761277204e-015
 -8.4149099213585021e-001  1.6802009150759061e-002 -4.8476517017315417e-002 -8.3918504106693304e-001  0.0000000000000000e+000  0.0000000000000000e+000  1.6297000447346247e-015
 -8.4166387040171309e-001  1.6936034128742124e-002 -4.8460126551464457e-002 -8.3797780969412272e-001  0.0000000000000000e+000  0.0000000000000000e+000  1.9459381707465903e-015
 -8.4183591054613516e-001  1.7068057485271480e-002 -4.8436184060557150e-002 -8.3676917754329161e-001  0.0000000000000000e+000  0.0000000000000000e+000  2.3099169862909622e-015
 -8.4200708241557765e-001  1.7197998845634589e-002 -4.8404686965598777e-002 -8.3555929704065413e-001  0.0000000000000000e+000  0.0000000000000000e+000  2.6278786091078897e-015
 -8.4217735628687762e-001  1.7325777097036647e-002 -4.8365633687728407e-002 -8.3434832150756921e-001  0.0000000000000000e+000  0.0000000000000000e+000  2.7964066288299180e-015
 -8.4234670287669300e-001  1.7451310415020821e-002 -4.8319023650808715e-002 -8.3313640518700072e-001  0.0000000000000000e+000  0.0000000000000000e+000  2.9103979755351779e-015
 -8.4251509335081332e-001  1.7574516291158838e-002 -4.8264857284108419e-002 -8.3192370327035947e-001  0.0000000000000000e+000  0.0000000000000000e+000  2.7701058899197909e-015
 -8.4268249933333150e-001  1.7695311562052826e-002 -4.8203136025083880e-002 -8.3071037192468633e-001  0.0000000000000000e+000  0.0000000000000000e+000  2.9845550977096305e-015
 -8.4284889291566822e-001  1.7813612439687699e-002 -4.8133862322259524e-002 -8.2949656832013086e-001  0.0000000000000000e+000  0.0000000000000000e+000  2.8825061802304005e-015
 -8.4301424666544189e-001  1.7929334543174160e-002 -4.8057039638209932e-002 -8.2828245065767891e-001  0.0000000000000000e+000  0.0000000000000000e+000  2.5398551554905231e-015
 -8.4317853363517892e-001  1.8042392931922783e-002 -4.7972672452647157e-002 -8.2706817819707978e-001  0.0000000000000000e+000  0.0000000000000000e+000  3.2013786389708523e-015
 -8.4334172737085433e-001  1.8152702140288225e-002 -4.7880766265613058e-002 -8.2585391128492058e-001  0.0000000000000000e+000  0.0000000000000000e+000  3.5328852812224817e-015
 -8.4350380192025776e-001  1.8260176213723694e-002 -4.7781327600780292e-002 -8.2463981138279618e-001  0.0000000000000000e+000  0.0000000000000000e+000  3.6845489494364304e-015
 -8.4366473184117496e-001  1.8364728746483854e-002 -4.7674364008861055e-002 -8.2342604109551587e-001  0.0000000000000000e+000  0.0000000000000000e+000  4.3459110074433360e-015
 -8.4382449220937761e-001  1.8466272920915537e-002 -4.7559884071127004e-002 -8.2221276419928935e-001  0.0000000000000000e+000  0.0000000000000000e+000  5.0605676074178135e-015
 -8.4398305862641398e-001  1.8564721548373336e-002 -4.7437897403039234e-002 -8.2100014566983071e-001  0.0000000000000000e+000  0.0000000000000000e+000  6.8926161058486632e-015
 -8.4414040722719075e-001  1.8659987111797543e-002 -4.7308414657989940e-002 -8.1978835171031617e-001  0.0000000000000000e+000  0.0000000000000000e+000  8.5067444788314263e-015
 -8.4429651468733824e-001  1.8751981809990246e-002 -4.7171447531155909e-002 -8.1857754977912933e-001  0.0000000000000000e+000  0.0000000000000000e+000  9.6715152711932577e-015
 -8.4445135823035022e-001  1.8840617603624373e-002 -4.7027008763462219e-002 -8.1736790861732445e-001  0.0000000000000000e+000  0.0000000000000000e+000  1.0187287529445140e-014
 -8.4460491563448925e-001  1.8925806263019866e-002 -4.6875112145658426e-002 -8.1615959827573603e-001  0.0000000000000000e+000  0.0000000000000000e+000  1.2003258693059440e-014
 -8.4475716523944755e-001  1.9007459417718527e-002 -4.6715772522503501e-002 -8.1495279014166044e-001  0.0000000000000000e+000  0.0000000000000000e+000  1.5200098914949648e-014
 -8.4490808595275613e-001  1.9085488607888695e-002 -4.6549005797060228e-002 -8.1374765696503260e-001  0.0000000000000000e+000  0.0000000000000000e+000  1.8010750726308036e-014
 -8.4505765725593018e-001  1.9159805337588296e-002 -4.6374828935096910e-002 -8.1254437288401615e-001  0.0000000000000000e+000  0.0000000000000000e+000  2.0143010050623966e-014
 -8.4520585921034341e-001  1.9230321129913481e-002 -4.6193259969594308e-002 -8.1134311344992527e-001  0.0000000000000000e+000  0.0000000000000000e+000  2.1303375915808857e-014
 -8.4535267246281909e-001  1.9296947584056767e-002 -4.6004318005355149e-002 -8.1014405565139280e-001  0.0000000000000000e+000  0.0000000000000000e+000  2.4098745792215730e-014
 -8.4549807825093082e-001  1.9359596434298292e-002 -4.5808023223715022e-002 -8.0894737793769633e-001  0.0000000000000000e+000  0.0000000000000000e+000  2.7029189469787344e-014
 -8.4564205840799933e-001  1.9418179610948206e-002 -4.5604396887348277e-002 -8.0775326024114946e-001  0.0000000000000000e+000  0.0000000000000000e+000  2.9148759650176113e-014
 -8.4578459536777906e-001  1.9472609303258934e-002 -4.5393461345169014e-002 -8.0656188399846529e-001  0.0000000000000000e+000  0.0000000000000000e+000  3.1700023165657466e-014
 -8.4592567216882042e-001  1.9522798024319873e-002 -4.5175240037320118e-002 -8.0537343217099666e-001  0.0000000000000000e+000  0.0000000000000000e+000  3.4779141130038319e-014
 -8.4606527245850027e-001  1.9568658677945626e-002 -4.4949757500246941e-002 -8.0418808926375218e-001  0.0000000000000000e+000  0.0000000000000000e+000  4.0902419205228495e-014
 -8.4620338049670862e-001  1.9610104627565152e-002 -4.4717039371850578e-002 -8.0300604134308617e-001  0.0000000000000000e+000  0.0000000000000000e+000  4.5824744536036480e-014
 -8.4633998115918085e-001  1.9647049767114913e-002 -4.4477112396714563e-002 -8.0182747605295923e-001  0.0000000000000000e+000  0.0000000000000000e+000  4.9055737538769694e-014
 -8.4647505994046668e-001  1.9679408593935716e-002 -4.4230004431399211e-002 -8.0065258262966055e-001  0.0000000000000000e+000  0.0000000000000000e+000  5.0131148212820831e-014
 -8.4660860295652207e-001  1.9707096283668329e-002 -4.3975744449797134e-002 -7.9948155191488512e-001  0.0000000000000000e+000  0.0000000000000000e+000  4.8667818173791495e-014
 -8.4674059694691761e-001  1.9730028767138735e-002 -4.3714362548541955e-002 -7.9831457636705228e-001  0.0000000000000000e+000  0.0000000000000000e+000  6.0255559763075969e-014
 -8.4687102927664870e-001  1.9748122809218727e-002 -4.3445889952462860e-002 -7.9715185007075229e-001  0.0000000000000000e+000  0.0000000000000000e+000  7.0760456181163749e-014
 -8.4699988793753966e-001  1.9761296089643672e-002 -4.3170359020077154e-002 -7.9599356874420568e-001  0.0000000000000000e+000  0.0000000000000000e+000  7.9486330710979321e-014
 -8.4712716154923096e-001  1.9769467285762263e-002 -4.2887803249111227e-002 -7.9483992974461848e-001  0.0000000000000000e+000  0.0000000000000000e+000  8.5740497048573512e-014
 -8.4725283935973794e-001  1.9772556157189158e-002 -4.2598257282040031e-002 -7.9369113207131126e-001  0.0000000000000000e+000  0.0000000000000000e+000  8.8868963334005671e-014
 -8.4737691124557213e-001  1.9770483632324653e-002 -4.2301756911635922e-002 -7.9254737636650574e-001  0.0000000000000000e+000  0.0000000000000000e+000  9.5836819414890397e-014
 -8.4749936771141421e-001  1.9763171896700377e-002 -4.1998339086515735e-002 -7.9140886491364393e-001  0.0000000000000000e+000  0.0000000000000000e+000  1.0608673234508921e-013
 -8.4762019988932991e-001  1.9750544483102830e-002 -4.1688041916674454e-002 -7.9027580163311606e-001  0.0000000000000000e+000  0.0000000000000000e+000  1.1312632375451272e-013
 -8.4773939953751676e-001  1.9732526363420273e-002 -4.1370904678993660e-002 -7.8914839207527876e-001  0.0000000000000000e+000  0.0000000000000000e+000  1.1789069049767044e-013
 -8.4785695903857561e-001  1.9709044042152714e-002 -4.1046967822712541e-002 -7.8802684341063367e-001  0.0000000000000000e+000  0.0000000000000000e+000  1.2365656983635925e-013
 -8.4797287139729494e-001  1.9680025651516053e-002 -4.0716272974847506e-002 -7.8691136441704479e-001  0.0000000000000000e+000  0.0000000000000000e+000  1.3265284777759496e-013
 -8.4808713023794013e-001  1.9645401048065819e-002 -4.0378862945547565e-002 -7.8580216546387138e-001  0.0000000000000000e+000  0.0000000000000000e+000  1.5057083663175342e-013
 -8.4819972980103953e-001  1.9605101910757022e-002 -4.0034781733369273e-002 -7.8469945849289169e-001  0.0000000000000000e+000  0.0000000000000000e+000  1.6479926063006194e-013
 -8.4831066493965890e-001  1.9559061840351041e-002 -3.9684074530458809e-002 -7.8360345699589418e-001  0.0000000000000000e+000  0.0000000000000000e+000  1.7436504237648796e-013
 -8.4841993111515668e-001  1.9507216460069945e-002 -3.9326787727622235e-002 -7.8251437598881501e-001  0.0000000000000000e+000  0.0000000000000000e+000  1.7840645942629797e-013
 -8.4852752439241241e-001  1.9449503517393184e-002 -3.8962968919270390e-002 -7.8143243198230483e-001  0.0000000000000000e+000  0.0000000000000000e+000  1.7621899338871320e-013
 -8.4863344143452279e-001  1.9385862986882201e-002 -3.8592666908219914e-002 -7.8035784294860133e-001  0.0000000000000000e+000  0.0000000000000000e+000  1.6991420933755035e-013
 -8.4873767949695766e-001  1.9316237173909831e-002 -3.8215931710332857e-002 -7.7929082828459861e-001  0.0000000000000000e+000  0.0000000000000000e+000  1.9989372777494165e-013
 -8.4884023642117146e-001  1.9240570819164322e-002 -3.7832814558977218e-002 -7.7823160877099662e-001  0.0000000000000000e+000  0.0000000000000000e+000  2.2598821487893414e-013
 -8.4894111062766575e-001  1.9158811203788595e-002 -3.7443367909290030e-002 -7.7718040652742315e-001  0.0000000000000000e+000  0.0000000000000000e+000  2.4691014240228386e-013
 -8.4904030110849682e-001  1.9070908255006219e-002 -3.7047645442222131e-002 -7.7613744496342441e-001  0.0000000000000000e+000  0.0000000000000000e+000  2.6148586300059973e-013
 -8.4913780741922629e-001  1.8976814652078230e-002 -3.6645702068346664e-002 -7.7510294872522456e-001  0.0000000000000000e+000  0.0000000000000000e+000  2.6871034353825425e-013
 -8.4923362967031235e-001  1.8876485932425854e-002 -3.6237593931409462e-002 -7.7407714363815527e-001  0.0000000000000000e+000  0.0000000000000000e+000  2.6779736438759609e-013
 -8.4932776851793779e-001  1.8769880597745436e-002 -3.5823378411601541e-002 -7.7306025664467048e-001  0.0000000000000000e+000  0.0000000000000000e+000  2.8710696955271875e-013
 -8.4942022515427595e-001  1.8656960219934026e-002 -3.5403114128531851e-002 -7.7205251573785949e-001  0.0000000000000000e+000  0.0000000000000000e+000  3.0531078959131998e-013
 -8.4951100129719304e-001  1.8537689546634550e-002 -3.4976860943877759e-002 -7.7105414989038457e-001  0.0000000000000000e+000  0.0000000000000000e+000  3.1538885214552816e-013
 -8.4960009917938872e-001  1.8412036606203913e-002 -3.4544679963693571e-002 -7.7006538897877053e-001  0.0000000000000000e+000  0.0000000000000000e+000  3.1650987891802080e-013
 -8.4968752153697513e-001  1.8279972811895782e-002 -3.4106633540351525e-002 -7.6908646370298772e-001  0.0000000000000000e+000  0.0000000000000000e+000  3.2029877613911758e-013
 -8.4977327159749894e-001  1.8141473065044871e-002 -3.3662785274094192e-002 -7.6811760550127572e-001  0.0000000000000000e+000  0.0000000000000000e+000  3.1756496092958771e-013
 -8.4985735306740917e-001  1.7996515857031638e-002 -3.3213200014175472e-002 -7.6715904646016186e-001  0.0000000000000000e+000  0.0000000000000000e+000  3.3519269819986415e-013
 -8.4993977011897603e-001  1.7845083369797510e-002 -3.2757943859565396e-002 -7.6621101921964319e-001  0.0000000000000000e+000  0.0000000000000000e+000  3.5896956538734464e-013
 -8.5002052737666733e-001  1.7687161574675730e-002 -3.2297084159195764e-002 -7.6527375687350818e-001  0.0000000000000000e+000  0.0000000000000000e+000  3.7337304732710146e-013
 -8.5009962990298915e-001  1.7522740329296859e-002 -3.1830689511724637e-002 -7.6434749286478443e-001  0.0000000000000000e+000  0.0000000000000000e+000  3.7757444460665591e-013
 -8.5017708318379914e-001  1.7351813472319007e-002 -3.1358829764792311e-002 -7.6343246087631433e-001  0.0000000000000000e+000  0.0000000000000000e+000  3.7108192483089798e-013
 -8.5025289311310348e-001  1.7174378915732313e-002 -3.0881576013748850e-002 -7.6252889471646634e-001  0.0000000000000000e+000  0.0000000000000000e+000  3.5376815836597179e-013
 -8.5032706597734675e-001  1.6990438734477455e-002 -3.0399000599826427e-002 -7.6163702820001156e-001  0.0000000000000000e+000  0.0000000000000000e+000  3.2588389424660144e-013
 -8.5039960843920825e-001  1.6799999253118095e-002 -2.9911177107735061e-002 -7.6075709502419664e-001  0.0000000000000000e+000  0.0000000000000000e+000  3.5494815342245919e-013
 -8.5047052752091823e-001  1.6603071129300560e-002 -2.9418180362657115e-002 -7.5988932864006931e-001  0.0000000000000000e+000  0.0000000000000000e+000  3.8762006784310355e-013
 -8.5053983058710814e-001  1.6399669433732316e-002 -2.8920086426616465e-002 -7.5903396211911900e-001  0.0000000000000000e+000  0.0000000000000000e+000  4.1025832161929567e-013
 -8.5060752532721273e-001  1.6189813726410356e-002 -2.8416972594202543e-002 -7.5819122801531591e-001  0.0000000000000000e+000  0.0000000000000000e+000  4.2203221607728679e-013
 -8.5067361973743993e-001  1.5973528128826055e-002 -2.7908917387622256e-002 -7.5736135822263895e-001  0.0000000000000000e+000  0.0000000000000000e+000  4.2247960520743639e-013
 -8.5073812210232891e-001  1.5750841391877154e-002 -2.7396000551062880e-002 -7.5654458382820888e-001  0.0000000000000000e+000  0.0000000000000000e+000  4.1152725022814437e-013
 -8.5080104097591625e-001  1.5521786959213087e-002 -2.6878303044338917e-002 -7.5574113496114803e-001  0.0000000000000000e+000  0.0000000000000000e+000  4.1235616091938425e-013
 -8.5086238516253077e-001  1.5286403025746534e-002 -2.6355907035806911e-002 -7.5495124063731400e-001  0.0000000000000000e+000  0.0000000000000000e+000  4.2953589765188028e-013
 -8.5092216369724361e-001  1.5044732591062992e-002 -2.5828895894524903e-002 -7.5417512860006164e-001  0.0000000000000000e+000  0.0000000000000000e+000  4.3539991726820882e-013
 -8.5098038582599300e-001  1.4796823507465110e-002 -2.5297354181638101e-002 -7.5341302515721198e-001  0.0000000000000000e+000  0.0000000000000000e+000  4.2985261410098018e-013
 -8.5103706098541376e-001  1.4542728522393938e-002 -2.4761367640973111e-002 -7.5266515501442000e-001  0.0000000000000000e+000  0.0000000000000000e+000  4.1748739690975449e-013
 -8.5109219878239706e-001  1.4282505314973156e-002 -2.4221023188820787e-002 -7.5193174110514405e-001  0.0000000000000000e+000  0.0000000000000000e+000  4.0679166808525403e-013
 -8.5114580897340786e-001  1.4016216526431350e-002 -2.3676408902893815e-002 -7.5121300441745131e-001  0.0000000000000000e+000  0.0000000000000000e+000  3.8558250501637118e-013
 -8.5119790144359109e-001  1.3743929784164314e-002 -2.3127614010442214e-002 -7.5050916381789057e-001  0.0000000000000000e+000  0.0000000000000000e+000  3.8738829385577406e-013
 -8.5124848618569648e-001  1.3465717719207857e-002 -2.2574728875511811e-002 -7.4982043587269642e-001  0.0000000000000000e+000  0.0000000000000000e+000  3.9464339423407319e-013
 -8.5129757327885491e-001  1.3181657976904548e-002 -2.2017844985334965e-002 -7.4914703466659394e-001  0.0000000000000000e+000  0.0000000000000000e+000  3.9099159415153030e-013
 -8.5134517286723754e-001  1.2891833220555760e-002 -2.1457054935839215e-002 -7.4848917161949580e-001  0.0000000000000000e+000  0.0000000000000000e+000  3.7688766428821488e-013
 -8.5139129513863365e-001  1.2596331127866586e-002 -2.0892452416265805e-002 -7.4784705530139117e-001  0.0000000000000000e+000  0.0000000000000000e+000  3.5314313450907984e-013
 -8.5143595030298136e-001  1.2295244380002445e-002 -2.0324132192888100e-002 -7.4722089124574886e-001  0.0000000000000000e+000  0.0000000000000000e+000  3.2088749526388252e-013
 -8.5147914857088736e-001  1.1988670643093271e-002 -1.9752190091824162e-002 -7.4661088176176216e-001  0.0000000000000000e+000  0.0000000000000000e+000  2.8151706378147868e-013
 -8.5152090013217141e-001  1.1676712542034879e-002 -1.9176722980936221e-002 -7.4601722574578633e-001  0.0000000000000000e+000  0.0000000000000000e+000  2.8532563722711927e-013
 -8.5156121513447536e-001  1.1359477626457041e-002 -1.8597828750815074e-002 -7.4544011849231873e-001  0.0000000000000000e+000  0.0000000000000000e+000  2.9627121914131450e-013
 -8.5160010366197270e-001  1.1037078328743588e-002 -1.8015606294846012e-002 -7.4487975150489583e-001  0.0000000000000000e+000  0.0000000000000000e+000  2.9789657916860397e-013
 -8.5163757571421828e-001  1.0709631914011407e-002 -1.7430155488358398e-002 -7.4433631230728525e-001  0.0000000000000000e+000  0.0000000000000000e+000  2.9071909580719725e-013
 -8.5167364118517719e-001  1.0377260421972231e-002 -1.6841577166857264e-002 -7.4380998425535982e-001  0.0000000000000000e+000  0.0000000000000000e+000  2.7555974686264565e-013
 -8.5170830984247281e-001  1.0040090600625972e-002 -1.6249973103344067e-002 -7.4330094635005195e-001  0.0000000000000000e+000  0.0000000000000000e+000  2.5349780501470039e-013
 -8.5174159130689320e-001  9.6982538317529187e-003 -1.5655445984730329e-002 -7.4280937305179340e-001  0.0000000000000000e+000  0.0000000000000000e+000  2.4187553940583647e-013
 -8.5177349503219590e-001  9.3518860481968148e-003 -1.5058099387352664e-002 -7.4233543409684621e-001  0.0000000000000000e+000  0.0000000000000000e+000  2.3942899671290738e-013
 -8.5180403028525198e-001  9.0011276429521805e-003 -1.4458037751597966e-002 -7.4187929431594546e-001  0.0000000000000000e+000  0.0000000000000000e+000  2.2987420685014509e-013
 -8.5183320612656754e-001  8.6461233700956003e-003 -1.3855366355652283e-002 -7.4144111345566344e-001  0.0000000000000000e+000  0.0000000000000000e+000  2.1850071002639704e-013
 -8.5186103139122449e-001  8.2870222376220555e-003 -1.3250191288385824e-002 -7.4102104600292273e-001  0.0000000000000000e+000  0.0000000000000000e+000  2.0590181094383759e-013
 -8.5188751467027801e-001  7.9239773922736411e-003 -1.2642619421389915e-002 -7.4061924101306753e-001  0.0000000000000000e+000  0.0000000000000000e+000  1.8818627091283034e-013
 -8.5191266429265111e-001  7.5571459964732428e-003 -1.2032758380185653e-002 -7.4023584194191960e-001  0.0000000000000000e+000  0.0000000000000000e+000  1.6654447345182576e-013
 -8.5193648830756352e-001  7.1866890974988671e-003 -1.1420716514622214e-002 -7.3987098648222760e-001  0.0000000000000000e+000  0.0000000000000000e+000  1.6058702238952075e-013
 -8.5195899446753343e-001  6.8127714890611792e-003 -1.0806602868488172e-002 -7.3952480640492013e-001  0.0000000000000000e+000  0.0000000000000000e+000  1.5114982804214832e-013
 -8.5198019021198856e-001  6.4355615654710660e-003 -1.0190527148360199e-002 -7.3919742740556760e-001  0.0000000000000000e+000  0.0000000000000000e+000  1.3750570569589292e-013
 -8.5200008265152172e-001  6.0552311686081191e-003 -9.5725996917144247e-003 -7.3888896895644729e-001  0.0000000000000000e+000  0.0000000000000000e+000  1.2075281703034167e-013
 -8.5201867855282742e-001  5.6719554279259857e-003 -8.9529314343286780e-003 -7.3859954416459650e-001  0.0000000000000000e+000  0.0000000000000000e+000  1.0203053556806292e-013
 -8.5203598432435135e-001  5.2859125937548554e-003 -8.3316338770066806e-003 -7.3832925963622842e-001  0.0000000000000000e+000  0.0000000000000000e+000  8.2461036372436656e-014
 -8.5205200600268571e-001  4.8972838641830295e-003 -7.7088190516543731e-003 -7.3807821534787454e-001  0.0000000000000000e+000  0.0000000000000000e+000  6.9745069028579513e-014
 -8.5206674923974124e-001  4.5062532058241624e-003 -7.0845994867434394e-003 -7.3784650452459766e-001  0.0000000000000000e+000  0.0000000000000000e+000  6.5599971472772385e-014
 -8.5208021929072575e-001  4.1130071687967562e-003 -6.4590881721962460e-003 -7.3763421352560887e-001  0.0000000000000000e+000  0.0000000000000000e+000  5.8769091509234849e-014
 -8.5209242100295557e-001  3.7177346962643121e-003 -5.8323985237293905e-003 -7.3744142173760119e-001  0.0000000000000000e+000  0.0000000000000000e+000  5.0107858093650898e-014
 -8.5210335880552723e-001  3.3206269289044175e-003 -5.2046443466949371e-003 -7.3726820147609773e-001  0.0000000000000000e+000  0.0000000000000000e+000  4.0482746365326035e-014
 -8.5211303669987215e-001  2.9218770046924229e-003 -4.5759397994577754e-003 -7.3711461789508403e-001  0.0000000000000000e+000  0.0000000000000000e+000  3.1143680679729825e-014
 -8.5212145825121755e-001  2.5216798544044623e-003 -3.9463993563518558e-003 -7.3698072890518485e-001  0.0000000000000000e+000  0.0000000000000000e+000  2.6878566795029792e-014
 -8.5212862658097288e-001  2.1202319932585247e-003 -3.3161377702560758e-003 -7.3686658510061065e-001  0.0000000000000000e+000  0.0000000000000000e+000  2.2488236459674724e-014
 -8.5213454436006009e-001  1.7177313091288583e-003 -2.6852700348350168e-003 -7.3677222969508471e-001  0.0000000000000000e+000  0.0000000000000000e+000  1.8126659277376264e-014
 -8.5213921380320379e-001  1.3143768477793317e-003 -2.0539113464867489e-003 -7.3669769846693212e-001  0.0000000000000000e+000  0.0000000000000000e+000  1.3614184894823071e-014
 -8.5214263666419421e-001  9.1036859557573906e-004 -1.4221770660455542e-003 -7.3664301971348767e-001  0.0000000000000000e+000  0.0000000000000000e+000  9.5772137606658603e-015
 -8.5214481423213484e-001  5.0590726014339954e-004 -7.9018268028315853e-004 -7.3660821421495448e-001  0.0000000000000000e+000  0.0000000000000000e+000  6.5392821888230018e-015
 -8.5214574732868364e-001  1.0119404944700609e-004 -1.5804376325693337e-004 -7.3659329520781758e-001  0.0000000000000000e+000  0.0000000000000000e+000  4.8870559815879156e-015
 -8.5214543630629414e-001 -3.0356955022631249e-004  4.7412406244912381e-004 -7.3659826836788733e-001  0.0000000000000000e+000  0.0000000000000000e+000  5.5218900296786546e-015
 -8.5214388104746075e-001 -7.0818199689446954e-004  1.1062051645428553e-003 -7.3662313180302519e-001  0.0000000000000000e+000  0.0000000000000000e+000  7.9056518988310942e-015
 -8.5214108096497088e-001 -1.1124419156298335e-003  1.7380839398538389e-003 -7.3666787605556749e-001  0.0000000000000000e+000  0.0000000000000000e+000  1.1500691628379516e-014
 -8.5213703500316096e-001 -1.5161483209425186e-003  2.3696448531283069e-003 -7.3673248411444781e-001  0.0000000000000000e+000  0.0000000000000000e+000  1.5848175105214642e-014
 -8.5213174164017724e-001 -1.9191008383092952e-003  3.0007724757401912e-003 -7.3681693143697424e-001  0.0000000000000000e+000  0.0000000000000000e+000  2.0368394434458547e-014
 -8.5212519889123139e-001 -2.3210999243648825e-003  3.6313515242724719e-003 -7.3692118598020562e-001  0.0000000000000000e+000  0.0000000000000000e+000  2.4398554935439747e-014
 -8.5211740431284688e-001 -2.7219470852759323e-003  4.2612668989208688e-003 -7.3704520824183339e-001  0.0000000000000000e+000  0.0000000000000000e+000  2.9164575233241420e-014
 -8.5210835500808402e-001 -3.1214450928262871e-003  4.8904037216745142e-003 -7.3718895131044981e-001  0.0000000000000000e+000  0.0000000000000000e+000  3.5569803721162551e-014
 -8.5209804763273134e-001 -3.5193981977494223e-003  5.5186473742268585e-003 -7.3735236092506284e-001  0.0000000000000000e+000  0.0000000000000000e+000  4.5362628985497665e-014
 -8.5208647840244933e-001 -3.9156123398561568e-003  6.1458835355733205e-003 -7.3753537554368165e-001  0.0000000000000000e+000  0.0000000000000000e+000  5.4612756579440079e-014
 -8.5207364310084988e-001 -4.3098953545157616e-003  6.7719982192502694e-003 -7.3773792642078473e-001  0.0000000000000000e+000  0.0000000000000000e+000  6.2467668476694182e-014
 -8.5205953708848980e-001 -4.7020571750641836e-003  7.3968778101735234e-003 -7.3795993769344403e-001  0.0000000000000000e+000  0.0000000000000000e+000  6.8059826834655211e-014
 -8.5204415531276190e-001 -5.0919100307271967e-003  8.0204091010342999e-003 -7.3820132647586834e-001  0.0000000000000000e+000  0.0000000000000000e+000  7.2690921014534752e-014
 -8.5202749231865560e-001 -5.4792686396627826e-003  8.6424793282114457e-003 -7.3846200296209807e-001  0.0000000000000000e+000  0.0000000000000000e+000  9.2283762176982247e-014
 -8.5200954226036552e-001 -5.8639503967462666e-003  9.2629762071621703e-003 -7.3874187053656815e-001  0.0000000000000000e+000  0.0000000000000000e+000  1.1156664380381604e-013
 -8.5199029891372002e-001 -6.2457755557389465e-003  9.8817879672519204e-003 -7.3904082589223241e-001  0.0000000000000000e+000  0.0000000000000000e+000  1.2944691762733154e-013
 -8.5196975568940125e-001 -6.6245674055035531e-003  1.0498803385989266e-002 -7.3935875915593008e-001  0.0000000000000000e+000  0.0000000000000000e+000  1.4478665944996794e-013
 -8.5194790564692635e-001 -7.0001524399487961e-003  1.1113911822629332e-002 -7.3969555402064935e-001  0.0000000000000000e+000  0.0000000000000000e+000  1.5645969407681641e-013
 -8.5192474150935849e-001 -7.3723605214095862e-003  1.1727003251114801e-002 -7.4005108788434015e-001  0.0000000000000000e+000  0.0000000000000000e+000  1.6341067195447557e-013
 -8.5190025567871575e-001 -7.7410250371908809e-003  1.2337968292322360e-002 -7.4042523199490151e-001  0.0000000000000000e+000  0.0000000000000000e+000  1.7777834010976526e-013
 -8.5187444025204162e-001 -8.1059830490276871e-003  1.2946698245586190e-002 -7.4081785160096747e-001  0.0000000000000000e+000  0.0000000000000000e+000  1.9761155649844079e-013
 -8.5184728703810331e-001 -8.4670754352375189e-003  1.3553085119471325e-002 -7.4122880610810016e-001  0.0000000000000000e+000  0.0000000000000000e+000  2.1291087904397025e-013
 -8.5181878757468099e-001 -8.8241470253660626e-003  1.4157021661771357e-002 -7.4165794923998807e-001  0.0000000000000000e+000  0.0000000000000000e+000  2.2272918083356917e-013
 -8.5178893314641091e-001 -9.1770467271521366e-003  1.4758401388708143e-002 -7.4210512920424643e-001  0.0000000000000000e+000  0.0000000000000000e+000  2.3548379861471354e-013
 -8.5175771480314444e-001 -9.5256276456615763e-003  1.5357118613310544e-002 -7.4257018886240389e-001  0.0000000000000000e+000  0.0000000000000000e+000  2.4159354971140683e-013
 -8.5172512337878337e-001 -9.8697471944676901e-003  1.5953068472956591e-002 -7.4305296590366476e-001  0.0000000000000000e+000  0.0000000000000000e+000  2.4027288073016040e-013
 -8.5169114951055402e-001 -1.0209267198776193e-002  1.6546146956057415e-002 -7.4355329302202111e-001  0.0000000000000000e+000  0.0000000000000000e+000  2.6531550501947176e-013
 -8.5165578365867944e-001 -1.0544053990422615e-002  1.7136250927872444e-002 -7.4407099809630195e-001  0.0000000000000000e+000  0.0000000000000000e+000  2.8407515035765834e-013
 -8.5161901612641000e-001 -1.0873978494690417e-002  1.7723278155440801e-002 -7.4460590437273866e-001  0.0000000000000000e+000  0.0000000000000000e+000  2.9536351991225679e-013
 -8.5158083708037269e-001 -1.1198916308923106e-002  1.8307127331617101e-002 -7.4515783064963137e-001  0.0000000000000000e+000  0.0000000000000000e+000  2.9822416030562640e-013
 -8.5154123657119885e-001 -1.1518747772929704e-002  1.8887698098206299e-002 -7.4572659146370235e-001  0.0000000000000000e+000  0.0000000000000000e+000  2.9198293089360820e-013
 -8.5150020455439079e-001 -1.1833358031201476e-002  1.9464891068187436e-002 -7.4631199727773168e-001  0.0000000000000000e+000  0.0000000000000000e+000  2.7628757737890635e-013
 -8.5145773091138754e-001 -1.2142637086983337e-002  2.0038607847023059e-002 -7.4691385466907401e-001  0.0000000000000000e+000  0.0000000000000000e+000  3.0199555067544107e-013
 -8.5141380547078971e-001 -1.2446479848264318e-002  2.0608751053052578e-002 -7.4753196651866194e-001  0.0000000000000000e+000  0.0000000000000000e+000  3.3799751357356992e-013
 -8.5136841802970509e-001 -1.2744786165770006e-002  2.1175224336966135e-002 -7.4816613220011385e-001  0.0000000000000000e+000  0.0000000000000000e+000  3.6615678925061987e-013
 -8.5132155837517720e-001 -1.3037460863062586e-002  2.1737932400362515e-002 -7.4881614776856986e-001  0.0000000000000000e+000  0.0000000000000000e+000  3.8520339695416630e-013
 -8.5127321630565700e-001 -1.3324413758870626e-002  2.2296781013392886e-002 -7.4948180614889626e-001  0.0000000000000000e+000  0.0000000000000000e+000  3.9416115673295016e-013
 -8.5122338165248279e-001 -1.3605559681788653e-002  2.2851677031493933e-002 -7.5016289732290331e-001  0.0000000000000000e+000  0.0000000000000000e+000  3.9239291681847236e-013
 -8.5117204430132998e-001 -1.3880818477505299e-002  2.3402528411219141e-002 -7.5085920851523880e-001  0.0000000000000000e+000  0.0000000000000000e+000  3.7963247099914981e-013
 -8.5111919421359727e-001 -1.4150115008730934e-002  2.3949244225173218e-002 -7.5157052437763461e-001  0.0000000000000000e+000  0.0000000000000000e+000  3.9745534541473697e-013
 -8.5106482144769280e-001 -1.4413379148013401e-002  2.4491734676061517e-002 -7.5229662717119283e-001  0.0000000000000000e+000  0.0000000000000000e+000  4.1349404385070091e-013
 -8.5100891618018781e-001 -1.4670545763641806e-002  2.5029911109864092e-002 -7.5303729694641719e-001  0.0000000000000000e+000  0.0000000000000000e+000  4.2287696250989908e-013
 -8.5095146872680516e-001 -1.4921554698850634e-002  2.5563686028146276e-002 -7.5379231172070571e-001  0.0000000000000000e+000  0.0000000000000000e+000  4.3404331013843583e-013
 -8.5089246956321096e-001 -1.5166350744548734e-002  2.6092973099521303e-002 -7.5456144765304534e-001  0.0000000000000000e+000  0.0000000000000000e+000  4.3389755656838174e-013
 -8.5083190934557973e-001 -1.5404883605805336e-002  2.6617687170277016e-002 -7.5534447921565140e-001  0.0000000000000000e+000  0.0000000000000000e+000  4.2233920856735148e-013
 -8.5076977893090344e-001 -1.5637107862336630e-002  2.7137744274186196e-002 -7.5614117936232705e-001  0.0000000000000000e+000  0.0000000000000000e+000  4.0186117806423427e-013
 -8.5070606939701754e-001 -1.5862982923240409e-002  2.7653061641513401e-002 -7.5695131969331997e-001  0.0000000000000000e+000  0.0000000000000000e+000  4.1841753723743209e-013
 -8.5064077206231625e-001 -1.6082472976236852e-002  2.8163557707240668e-002 -7.5777467061648007e-001  0.0000000000000000e+000  0.0000000000000000e+000  4.2368555139247550e-013
 -8.5057387850513388e-001 -1.6295546931674801e-002  2.8669152118527823e-002 -7.5861100150453187e-001  0.0000000000000000e+000  0.0000000000000000e+000  4.1754114757983352e-013
 -8.5050538058276681e-001 -1.6502178361569645e-002  2.9169765741428880e-002 -7.5946008084829664e-001  0.0000000000000000e+000  0.0000000000000000e+000  4.0025361895912847e-013
 -8.5043527045011369e-001 -1.6702345433940759e-002  2.9665320666884452e-002 -7.6032167640571358e-001  0.0000000000000000e+000  0.0000000000000000e+000  3.7247286025228584e-013
 -8.5036354057791408e-001 -1.6896030842719442e-002  3.0155740216012038e-002 -7.6119555534652328e-001  0.0000000000000000e+000  0.0000000000000000e+000  3.3520167031422058e-013
 -8.5029018377056509e-001 -1.7083221733498074e-002  3.0640948944714898e-002 -7.6208148439249768e-001  0.0000000000000000e+000  0.0000000000000000e+000  3.4111683081733739e-013
 -8.5021519318349703e-001 -1.7263909625392846e-002  3.1120872647632483e-002 -7.6297922995311029e-001  0.0000000000000000e+000  0.0000000000000000e+000  3.6377094519807641e-013
 -8.5013856234009200e-001 -1.7438090329291119e-002  3.1595438361456313e-002 -7.6388855825656421e-001  0.0000000000000000e+000  0.0000000000000000e+000  3.7568165598099325e-013
 -8.5006028514812992e-001 -1.7605763862751818e-002  3.2064574367631146e-002 -7.6480923547609725e-001  0.0000000000000000e+000  0.0000000000000000e+000  3.7678803096913879e-013
 -8.4998035591574650e-001 -1.7766934361827122e-002  3.2528210194468700e-002 -7.6574102785151532e-001  0.0000000000000000e+000  0.0000000000000000e+000  3.6740225417312772e-013
 -8.4989876936689124e-001 -1.7921609990068324e-002  3.2986276618694209e-002 -7.6668370180590062e-001  0.0000000000000000e+000  0.0000000000000000e+000  3.4818887472076536e-013
 -8.4981552065627453e-001 -1.8069802844976762e-002  3.3438705666452344e-002 -7.6763702405747181e-001  0.0000000000000000e+000  0.0000000000000000e+000  3.2013064872986007e-013
 -8.4973060538379053e-001 -1.8211528862154124e-002  3.3885430613792990e-002 -7.6860076172657166e-001  0.0000000000000000e+000  0.0000000000000000e+000  3.2012620032035689e-013
 -8.4964401960841029e-001 -1.8346807717404396e-002  3.4326385986664466e-002 -7.6957468243778249e-001  0.0000000000000000e+000  0.0000000000000000e+000  3.1814049539610424e-013
 -8.4955575986153520e-001 -1.8475662727030401e-002  3.4761507560434363e-002 -7.7055855441717125e-001  0.0000000000000000e+000  0.0000000000000000e+000  3.1711021407103810e-013
 -8.4946582315980368e-001 -1.8598120746564906e-002  3.5190732358964041e-002 -7.7155214658468729e-001  0.0000000000000000e+000  0.0000000000000000e+000  3.1142374041981098e-013
 -8.4937420701734756e-001 -1.8714212068168371e-002  3.5613998653259350e-002 -7.7255522864173376e-001  0.0000000000000000e+000  0.0000000000000000e+000  2.9716258753424025e-013
 -8.4928090945749124e-001 -1.8823970316917620e-002  3.6031245959720334e-002 -7.7356757115396058e-001  0.0000000000000000e+000  0.0000000000000000e+000  2.7528546240909327e-013
 -8.4918592902389245e-001 -1.8927432346204452e-002  3.6442415038014361e-002 -7.7458894562932079e-001  0.0000000000000000e+000  0.0000000000000000e+000  2.6931038759684356e-013
 -8.4908926479112123e-001 -1.9024638132453729e-002  3.6847447888593475e-002 -7.7561912459144722e-001  0.0000000000000000e+000  0.0000000000000000e+000  2.6607182185901431e-013
 -8.4899091637467561e-001 -1.9115630669363545e-002  3.7246287749880064e-002 -7.7665788164841931e-001  0.0000000000000000e+000  0.0000000000000000e+000  2.5505866152306240e-013
 -8.4889088394043422e-001 -1.9200455861861723e-002  3.7638879095141457e-002 -7.7770499155698913e-001  0.0000000000000000e+000  0.0000000000000000e+000  2.3717242806210214e-013
 -8.4878916821354711e-001 -1.9279162419964954e-002  3.8025167629076213e-002 -7.7876023028234809e-001  0.0000000000000000e+000  0.0000000000000000e+000  2.1350907849191043e-013
 -8.4868577048676419e-001 -1.9351801752717713e-002  3.8405100284131674e-002 -7.7982337505352062e-001  0.0000000000000000e+000  0.0000000000000000e+000  1.8530622744402426e-013
 -8.4858069262820557e-001 -1.9418427862380808e-002  3.8778625216575081e-002 -7.8089420441447732e-001  0.0000000000000000e+000  0.0000000000000000e+000  1.7262262034259667e-013
 -8.4847393708857610e-001 -1.9479097239029644e-002  3.9145691802336881e-002 -7.8197249827106585e-001  0.0000000000000000e+000  0.0000000000000000e+000  1.7812805149153224e-013
 -8.4836550690782853e-001 -1.9533868755714952e-002  3.9506250632647094e-002 -7.8305803793386153e-001  0.0000000000000000e+000  0.0000000000000000e+000  1.7712452724657574e-013
 -8.4825540572127789e-001 -1.9582803564328833e-002  3.9860253509482364e-002 -7.8415060615704424e-001  0.0000000000000000e+000  0.0000000000000000e+000  1.7022200176169791e-013
 -8.4814363776517565e-001 -1.9625964992312145e-002  4.0207653440843760e-002 -7.8524998717341310e-001  0.0000000000000000e+000  0.0000000000000000e+000  1.5820911516881853e-013
 -8.4803020788174643e-001 -1.9663418440329036e-002  4.0548404635881670e-002 -7.8635596672565244e-001  0.0000000000000000e+000  0.0000000000000000e+000  1.4200917470896227e-013
 -8.4791512152369497e-001 -1.9695231281027372e-002  4.0882462499885613e-002 -7.8746833209396516e-001  0.0000000000000000e+000  0.0000000000000000e+000  1.2491206802342859e-013
 -8.4779838475819103e-001 -1.9721472758995773e-002  4.1209783629156824e-002 -7.8858687212019274e-001  0.0000000000000000e+000  0.0000000000000000e+000  1.2128798824015469e-013
 -8.4768000427033763e-001 -1.9742213892018377e-002  4.1530325805777445e-002 -7.8971137722854190e-001  0.0000000000000000e+000  0.0000000000000000e+000  1.1521175879690799e-013
 -8.4755998736613258e-001 -1.9757527373722054e-002  4.1844047992293333e-002 -7.9084163944304220e-001  0.0000000000000000e+000  0.0000000000000000e+000  1.1005513140400923e-013
 -8.4743834197493006e-001 -1.9767487477702655e-002  4.2150910326325140e-002 -7.9197745240185524e-001  0.0000000000000000e+000  0.0000000000000000e+000  1.0131478805268542e-013
 -8.4731507665141237e-001 -1.9772169963209230e-002  4.2450874115121148e-002 -7.9311861136855966e-001  0.0000000000000000e+000  0.0000000000000000e+000  8.9752957584128794e-014
 -8.4719020057707928e-001 -1.9771651982457113e-002  4.2743901830065711e-002 -7.9426491324053894e-001  0.0000000000000000e+000  0.0000000000000000e+000  8.7733814155768452e-014
 -8.4706372356126547e-001 -1.9766011989635866e-002  4.3029957101157111e-002 -7.9541615655459252e-001  0.0000000000000000e+000  0.0000000000000000e+000  8.2964582643582920e-014
 -8.4693565604169474e-001 -1.9755329651668183e-002  4.3309004711465510e-002 -7.9657214148989586e-001  0.0000000000000000e+000  0.0000000000000000e+000  7.5389549208122832e-014
 -8.4680600908458215e-001 -1.9739685760771522e-002  4.3581010591583397e-002 -7.9773266986843328e-001  0.0000000000000000e+000  0.0000000000000000e+000  6.5686558407590543e-014
 -8.4667479438429194e-001 -1.9719162148867320e-002  4.3845941814080615e-002 -7.9889754515302491e-001  0.0000000000000000e+000  0.0000000000000000e+000  5.4554311844573599e-014
 -8.4654202426256420e-001 -1.9693841603875654e-002  4.4103766587972416e-002 -8.0006657244306811e-001  0.0000000000000000e+000  0.0000000000000000e+000  4.9729603767623800e-014
 -8.4640771166731676e-001 -1.9663807787927833e-002  4.4354454253211578e-002 -8.0123955846811856e-001  0.0000000000000000e+000  0.0000000000000000e+000  4.9890106634661787e-014
 -8.4627187017103811e-001 -1.9629145157525167e-002  4.4597975275214412e-002 -8.0241631157941895e-001  0.0000000000000000e+000  0.0000000000000000e+000  4.7681617858949989e-014
 -8.4613451396877537e-001 -1.9589938885663405e-002  4.4834301239427325e-002 -8.0359664173950474e-001  0.0000000000000000e+000  0.0000000000000000e+000  4.3544632263163918e-014
 -8.4599565787573394e-001 -1.9546274785941040e-002  4.5063404845944018e-002 -8.0478036050999102e-001  0.0000000000000000e+000  0.0000000000000000e+000  3.7959992055461085e-014
 -8.4585531732449526e-001 -1.9498239238662372e-002  4.5285259904180086e-002 -8.0596728103765947e-001  0.0000000000000000e+000  0.0000000000000000e+000  3.2455871676949323e-014
 -8.4571350836186465e-001 -1.9445919118941904e-002  4.5499841327610993e-002 -8.0715721803895257e-001  0.0000000000000000e+000  0.0000000000000000e+000  3.0582723223244584e-014
 -8.4557024764536115e-001 -1.9389401726813641e-002  4.5707125128582098e-002 -8.0834998778298695e-001  0.0000000000000000e+000  0.0000000000000000e+000  2.8091777384458694e-014
 -8.4542555243935724e-001 -1.9328774719342943e-002  4.5907088413193992e-002 -8.0954540807318487e-001  0.0000000000000000e+000  0.0000000000000000e+000  2.5683648540593861e-014
 -8.4527944061088089e-001 -1.9264126044736048e-002  4.6099709376270392e-002 -8.1074329822763547e-001  0.0000000000000000e+000  0.0000000000000000e+000  2.2318404428328768e-014
 -8.4513193062509051e-001 -1.9195543878438477e-002  4.6284967296413369e-002 -8.1194347905828024e-001  0.0000000000000000e+000  0.0000000000000000e+000  2.0862557205593045e-014
 -8.4498304154043147e-001 -1.9123116561209273e-002  4.6462842531148546e-002 -8.1314577284902356e-001  0.0000000000000000e+000  0.0000000000000000e+000  1.9180211019871943e-014
 -8.4483279300348624e-001 -1.9046932539156698e-002  4.6633316512166789e-002 -8.1435000333286245e-001  0.0000000000000000e+000  0.0000000000000000e+000  1.6671716492777079e-014
 -8.4468120524352730e-001 -1.8967080305716141e-002  4.6796371740663513e-002 -8.1555599566812786e-001  0.0000000000000000e+000  0.0000000000000000e+000  1.3632229788896742e-014
 -8.4452829906678295e-001 -1.8883648345549488e-002  4.6951991782779777e-002 -8.1676357641392983e-001  0.0000000000000000e+000  0.0000000000000000e+000  1.0346674159797585e-014
 -8.4437409585042644e-001 -1.8796725080342826e-002  4.7100161265148391e-002 -8.1797257350488983e-001  0.0000000000000000e+000  0.0000000000000000e+000  1.0022542932895037e-014
 -8.4421861753629734e-001 -1.8706398816475789e-002  4.7240865870545178e-002 -8.1918281622524813e-001  0.0000000000000000e+000  0.0000000000000000e+000  9.1579812094683026e-015
 -8.4406188662436588e-001 -1.8612757694535669e-002  4.7374092333648976e-002 -8.2039413518242355e-001  0.0000000000000000e+000  0.0000000000000000e+000  7.7431503482442287e-015
 -8.4390392616594789e-001 -1.8515889640645693e-002  4.7499828436911432e-002 -8.2160636228011030e-001  0.0000000000000000e+000  0.0000000000000000e+000  5.9801842539764807e-015
 -8.4374475975668162e-001 -1.8415882319576742e-002  4.7618063006536725e-002 -8.2281933069098057e-001  0.0000000000000000e+000  0.0000000000000000e+000  4.7077681604159552e-015
 -8.4358441152927399e-001 -1.8312823089608892e-002  4.7728785908572775e-002 -8.2403287482907195e-001  0.0000000000000000e+000  0.0000000000000000e+000  4.0625324982759915e-015
 -8.4342290614602600e-001 -1.8206798959108938e-002  4.7831988045113995e-002 -8.2524683032192814e-001  0.0000000000000000e+000  0.0000000000000000e+000  3.5392243904471421e-015
 -8.4326026879114546e-001 -1.8097896544788137e-002  4.7927661350615276e-002 -8.2646103398255899e-001  0.0000000000000000e+000  0.0000000000000000e+000  3.4157663527700241e-015
 -8.4309652516285560e-001 -1.7986202031603737e-002  4.8015798788317181e-002 -8.2767532378128861e-001  0.0000000000000000e+000  0.0000000000000000e+000  2.9043078292603629e-015
 -8.4293170146530849e-001 -1.7871801134267076e-002  4.8096394346781951e-002 -8.2888953881755079e-001  0.0000000000000000e+000  0.0000000000000000e+000  2.6946564402259165e-015
 -8.4276582440031023e-001 -1.7754779060319432e-002  4.8169443036538251e-002 -8.3010351929169379e-001  0.0000000000000000e+000  0.0000000000000000e+000  2.9771272062233963e-015
 -8.4259892115886659e-001 -1.7635220474737909e-002  4.8234940886835199e-002 -8.3131710647685164e-001  0.0000000000000000e+000  0.0000000000000000e+000  2.9125041111725344e-015
 -8.4243101941255716e-001 -1.7513209466031111e-002  4.8292884942502758e-002 -8.3253014269093606e-001  0.0000000000000000e+000  0.0000000000000000e+000  2.8720380013655123e-015
 -8.4226214730474380e-001 -1.7388829513785526e-002  4.8343273260916753e-002 -8.3374247126880341e-001  0.0000000000000000e+000  0.0000000000000000e+000  2.8831742548200686e-015
 -8.4209233344162249e-001 -1.7262163457622926e-002  4.8386104909068473e-002 -8.3495393653464511e-001  0.0000000000000000e+000  0.0000000000000000e+000  2.7174388930417250e-015
 -8.4192160688312478e-001 -1.7133293467528198e-002  4.8421379960733701e-002 -8.3616438377465185e-001  0.0000000000000000e+000  0.0000000000000000e+000  2.4893959783937657e-015
 -8.4174999713367582e-001 -1.7002301015508151e-002  4.8449099493740953e-002 -8.3737365920999407e-001  0.0000000000000000e+000  0.0000000000000000e+000  2.0981399934245089e-015
 -8.4157753413281500e-001 -1.6869266848541103e-002  4.8469265587335976e-002 -8.3858160997016717e-001  0.0000000000000000e+000  0.0000000000000000e+000  1.8085441852614017e-015
 -8.4140424824568716e-001 -1.6734270962777329e-002  4.8481881319638508e-002 -8.3978808406673833e-001  0.0000000000000000e+000  0.0000000000000000e+000  1.4174848704900177e-015
 -8.4123017025340874e-001 -1.6597392578950862e-002  4.8486950765189690e-002 -8.4099293036753719e-001  0.0000000000000000e+000  0.0000000000000000e+000  9.2877578331963915e-016
 -8.4105533134331656e-001 -1.6458710118963545e-002  4.8484478992586462e-002 -8.4219599857132788e-001  0.0000000000000000e+000  0.0000000000000000e+000  4.1759942982164844e-016
 -8.4087976309910362e-001 -1.6318301183601679e-002  4.8474472062198445e-002 -8.4339713918299641e-001  0.0000000000000000e+000  0.0000000000000000e+000  2.5857518637340115e-016
