338 6
  3.9569042487030970e-015 -6.9180772221955067e-015 -2.5113557535508258e-005 -4.3446513391613811e-001  0.0000000000000000e+000  0.0000000000000000e+000  0.0000000000000000e+000
  2.9230090570209200e-015 -5.8841820305133297e-015 -2.5113571951103647e-005 -4.3446513391613339e-001  0.0000000000000000e+000  0.0000000000000000e+000  0.0000000000000000e+000
  2.6870866642880742e-015 -5.6482596377804839e-015 -2.5113600782294398e-005 -4.3446513391613323e-001  0.0000000000000000e+000  0.0000000000000000e+000  0.0000000000000000e+000
  1.2993078835066285e-015 -4.2604808569990382e-015 -2.5113658444675904e-005 -4.3446513391612829e-001  0.0000000000000000e+000  0.0000000000000000e+000  0.0000000000000000e+000
 -5.6031568274050869e-016 -2.4008572907519010e-015 -2.5113773769438813e-005 -4.3446513391612301e-001  0.0000000000000000e+000  0.0000000000000000e+000  0.0000000000000000e+000
  3.1398494915180208e-015 -6.0992877415344537e-015 -2.5114004418964686e-005 -4.3446513391610858e-001  0.0000000000000000e+000  0.0000000000000000e+000  0.0000000000000000e+000
  3.1155633628543455e-015 -6.0767363363467553e-015 -2.5114465718016652e-005 -4.3446513391608377e-001  0.0000000000000000e+000  0.0000000000000000e+000  0.0000000000000000e+000
  2.1579960041151480e-015 -5.1191689776075577e-015 -2.5115388316120513e-005 -4.3446513391602937e-001  0.0000000000000000e+000  0.0000000000000000e+000  0.0000000000000000e+000
  1.1553258350005535e-015 -4.1164988084929632e-015 -2.5117233512327994e-005 -4.3446513391592523e-001  0.0000000000000000e+000  0.0000000000000000e+000  0.0000000000000000e+000
 -9.4195484745540625e-016 -2.0192181260370035e-015 -2.5120923904743106e-005 -4.3446513391571184e-001  0.0000000000000000e+000  0.0000000000000000e+000  0.0000000000000000e+000
  6.1756155744774333e-016 -3.5769998074641762e-015 -2.5128304689573235e-005 -4.3446513391528191e-001  0.0000000000000000e+000  0.0000000000000000e+000  0.0000000000000000e+000
 -2.9230090570209200e-015 -3.8163916471489756e-017 -2.5143066259233526e-005 -4.3446513391443015e-001  0.0000000000000000e+000  0.0000000000000000e+000  0.0000000000000000e+000
 -3.8163916471489756e-015  8.5695339713254270e-016 -2.5172589398553986e-005 -4.3446513391271746e-001  0.0000000000000000e+000  0.0000000000000000e+000  0.0000000000000000e+000
  2.9021923753091983e-015 -5.8633653488016080e-015 -2.5231635677195038e-005 -4.3446513390929292e-001  0.0000000000000000e+000  0.0000000000000000e+000  0.0000000000000000e+000
  9.3675067702747583e-016 -3.8979236505198855e-015 -2.5349728234475226e-005 -4.3446513390242236e-001  0.0000000000000000e+000  0.0000000000000000e+000  0.0000000000000000e+000
 -3.4364872059100549e-015  4.7531423241764514e-016 -2.5585913349030061e-005 -4.3446513388857322e-001  0.0000000000000000e+000  0.0000000000000000e+000  0.0000000000000000e+000
 -3.0982161280945775e-015  1.3704315460216776e-016 -2.6058283578116799e-005 -4.3446513386049873e-001  0.0000000000000000e+000  0.0000000000000000e+000  0.0000000000000000e+000
  2.7425978155193320e-015 -5.7037707890117417e-015 -2.7003024036197592e-005 -4.3446513380281093e-001  0.0000000000000000e+000  0.0000000000000000e+000  0.0000000000000000e+000
  2.5795338087775121e-015 -5.5389720587939451e-015 -2.8892504951971540e-005 -4.3446513368126727e-001  0.0000000000000000e+000  0.0000000000000000e+000  0.0000000000000000e+000
  1.2403272853234171e-015 -4.1997655353398500e-015 -3.2671466781844445e-005 -4.3446513341352644e-001  0.0000000000000000e+000  0.0000000000000000e+000  0.0000000000000000e+000
  4.2760933682828295e-015 -7.2355316182992624e-015 -4.0229390433889209e-005 -4.3446513277943788e-001  0.0000000000000000e+000  0.0000000000000000e+000  0.0000000000000000e+000
  2.7495367094232392e-015 -5.7089749594396721e-015 -5.5345237699169063e-005 -4.3446513111682744e-001  0.0000000000000000e+000  0.0000000000000000e+000  0.0000000000000000e+000
 -3.1415842149939976e-015  1.8214596497756474e-016 -8.5576932010449430e-005 -4.3446512621388361e-001  0.0000000000000000e+000  0.0000000000000000e+000  0.0000000000000000e+000
  2.9733160378242474e-015 -5.9327542878406803e-015 -1.1580862590737577e-004 -4.3446511920730752e-001  0.0000000000000000e+000  0.0000000000000000e+000  0.0000000000000000e+000
 -3.8788416922841407e-015  9.1940344226770776e-016 -1.4604031924356898e-004 -4.3446511009709243e-001  0.0000000000000000e+000  0.0000000000000000e+000  0.0000000000000000e+000
 -6.0160210146875670e-015  3.0548480411951573e-015 -1.7627201187265032e-004 -4.3446509888324963e-001  0.0000000000000000e+000  0.0000000000000000e+000  0.0000000000000000e+000
  1.6982942829812941e-015 -4.6577325329977270e-015 -2.3673539442396565e-004 -4.3446507014466490e-001  0.0000000000000000e+000  0.0000000000000000e+000  0.0000000000000000e+000
  9.4368957093138306e-016 -3.9013930974718392e-015 -3.5766214460059877e-004 -4.3446498742389755e-001  0.0000000000000000e+000  0.0000000000000000e+000  0.0000000000000000e+000
 -5.7436694289592083e-015  2.7877006258947290e-015 -4.7858886706904618e-004 -4.3446487104500475e-001  0.0000000000000000e+000  0.0000000000000000e+000  0.0000000000000000e+000
 -8.4654505627668186e-016 -2.1111584702637742e-015 -7.2044219140848364e-004 -4.3446453731288925e-001  0.0000000000000000e+000  0.0000000000000000e+000  0.0000000000000000e+000
 -4.5692616357229099e-015  1.6150275561344074e-015 -9.6229529249650526e-004 -4.3446406894843087e-001  0.0000000000000000e+000  0.0000000000000000e+000  0.0000000000000000e+000
 -3.7140429620663440e-015  7.5807415900186470e-016 -1.2041480953873939e-003 -4.3446346595176522e-001  0.0000000000000000e+000  0.0000000000000000e+000  0.0000000000000000e+000
 -5.3811122224800556e-015  2.4268781428915531e-015 -1.4460005251355549e-003 -4.3446272832308397e-001  0.0000000000000000e+000  0.0000000000000000e+000  0.0000000000000000e+000
 -2.3800406090401793e-015 -5.7072402359636953e-016 -1.6878525067954789e-003 -4.3446185606261173e-001  0.0000000000000000e+000  0.0000000000000000e+000  0.0000000000000000e+000
 -1.8370721610594387e-015 -1.1171619185290638e-015 -2.1715548260693609e-003 -4.3445970764743463e-001  0.0000000000000000e+000  0.0000000000000000e+000  0.0000000000000000e+000
 -4.4460962689285566e-015  1.4970663597679845e-015 -2.6552544536482679e-003 -4.3445702070888631e-001  0.0000000000000000e+000  0.0000000000000000e+000  0.0000000000000000e+000
 -2.5014712523585558e-015 -4.6837533851373792e-016 -3.6226432354954236e-003 -4.3445003127568388e-001  0.0000000000000000e+000  0.0000000000000000e+000  0.0000000000000000e+000
 -3.1467883854219281e-015  1.9255430583342559e-016 -4.5900140559308423e-003 -4.3444088779766432e-001  0.0000000000000000e+000  0.0000000000000000e+000  0.0000000000000000e+000
 -2.1614654510671016e-015 -7.9450335199737765e-016 -5.5573621186374277e-003 -4.3442959032015588e-001  0.0000000000000000e+000  0.0000000000000000e+000  0.0000000000000000e+000
 -3.8771069688081639e-015  9.2981178312356860e-016 -6.5246826274109231e-003 -4.3441613889917213e-001  0.0000000000000000e+000  0.0000000000000000e+000  0.0000000000000000e+000
 -3.1797481314654874e-015  2.3765711620882257e-016 -7.4919707861837263e-003 -4.3440053360141273e-001  0.0000000000000000e+000  0.0000000000000000e+000  0.0000000000000000e+000
  8.1532003370909933e-017 -3.0201535716756212e-015 -8.4592217990485819e-003 -4.3438277450424717e-001  0.0000000000000000e+000  0.0000000000000000e+000  0.0000000000000000e+000
  9.8011876392689601e-016 -3.9464959078472361e-015 -1.0393593204370126e-002 -4.3434079527458364e-001  0.0000000000000000e+000  0.0000000000000000e+000  0.0000000000000000e+000
 -5.0029425047171117e-015  2.0625862129364236e-015 -1.2327758480229222e-002 -4.3429020204272345e-001  0.0000000000000000e+000  0.0000000000000000e+000  0.0000000000000000e+000
  1.5386997231914279e-015 -4.4807907384480927e-015 -1.4261679267567403e-002 -4.3423099581204994e-001  0.0000000000000000e+000  0.0000000000000000e+000  0.0000000000000000e+000
  1.0338951916821770e-015 -3.9464959078472361e-015 -1.6195317212175143e-002 -4.3416317775676322e-001  0.0000000000000000e+000  0.0000000000000000e+000  0.0000000000000000e+000
 -8.8991314317610204e-016 -2.0435042547006788e-015 -1.8128633965452081e-002 -4.3408674922186213e-001  0.0000000000000000e+000  0.0000000000000000e+000  0.0000000000000000e+000
 -1.7364581994527839e-015 -1.1865508575681361e-015 -2.0061591185168159e-002 -4.3400171172309393e-001  0.0000000000000000e+000  0.0000000000000000e+000  0.0000000000000000e+000
 -5.3082538364890297e-015  2.4095309081317851e-015 -2.1994150536223570e-002 -4.3390806694695550e-001  0.0000000000000000e+000  0.0000000000000000e+000  0.0000000000000000e+000
  1.4380857615847731e-015 -4.3454823073219018e-015 -2.3926273691409209e-002 -4.3380581675065238e-001  0.0000000000000000e+000  0.0000000000000000e+000  0.0000000000000000e+000
 -4.6577325329977270e-015  1.8110513089197866e-015 -2.7789058149348473e-002 -4.3357550837960018e-001  0.0000000000000000e+000  0.0000000000000000e+000  0.0000000000000000e+000
 -5.9015292652730977e-015  3.0496438707672269e-015 -3.1263688061488271e-002 -4.3333882243372540e-001  0.0000000000000000e+000  0.0000000000000000e+000  0.0000000000000000e+000
  1.8700319071029980e-015 -4.7011006198971472e-015 -3.4736309075254775e-002 -4.3307429160743893e-001  0.0000000000000000e+000  0.0000000000000000e+000  0.0000000000000000e+000
 -1.4033912920652369e-015 -1.4033912920652369e-015 -3.8206698051820157e-002 -4.3278193289858163e-001  0.0000000000000000e+000  0.0000000000000000e+000  0.0000000000000000e+000
 -3.1259717037102064e-015  3.1051550219984847e-016 -4.1674631995779643e-002 -4.3246176509313844e-001  0.0000000000000000e+000  0.0000000000000000e+000  0.0000000000000000e+000
  4.4582393332603942e-016 -3.2404634531246757e-015 -4.5139888069480896e-002 -4.3211380876400002e-001  0.0000000000000000e+000  0.0000000000000000e+000  0.0000000000000000e+000
  6.2276572787567375e-016 -3.4069969068184491e-015 -4.8602243607341902e-002 -4.3173808626966065e-001  0.0000000000000000e+000  0.0000000000000000e+000  0.0000000000000000e+000
 -3.8059833062931148e-015  1.0269562977782698e-015 -5.2061476130159622e-002 -4.3133462175276932e-001  0.0000000000000000e+000  0.0000000000000000e+000  0.0000000000000000e+000
 -9.3501595355149902e-016 -1.8179902028236938e-015 -5.5517363359405367e-002 -4.3090344113858753e-001  0.0000000000000000e+000  0.0000000000000000e+000  0.0000000000000000e+000
 -2.6194324487249787e-016 -2.4823892941228110e-015 -5.8969683231507301e-002 -4.3044457213331322e-001  0.0000000000000000e+000  0.0000000000000000e+000  0.0000000000000000e+000
 -5.0480453150925086e-016 -2.1857515797307769e-015 -6.2418213912119998e-002 -4.2995804422231093e-001  0.0000000000000000e+000  0.0000000000000000e+000  0.0000000000000000e+000
 -3.8181263706249524e-015  1.0564465968698755e-015 -6.5862733810378812e-002 -4.2944388866821470e-001  0.0000000000000000e+000  0.0000000000000000e+000  0.0000000000000000e+000
 -5.1833537462186996e-015  2.4858587410747646e-015 -6.9303021593138128e-002 -4.2890213850890863e-001  0.0000000000000000e+000  0.0000000000000000e+000  0.0000000000000000e+000
 -2.8102520310824275e-016 -2.4945323584546486e-015 -7.2738856199193708e-002 -4.2833282855542337e-001  0.0000000000000000e+000  0.0000000000000000e+000  0.0000000000000000e+000
 -9.4022012397942945e-016 -1.7850304567801345e-015 -7.6170016853487399e-002 -4.2773599538967194e-001  0.0000000000000000e+000  0.0000000000000000e+000  0.0000000000000000e+000
 -3.5041414214731503e-016 -2.3939183968479938e-015 -7.9596283081293184e-002 -4.2711167736213779e-001  0.0000000000000000e+000  0.0000000000000000e+000  0.0000000000000000e+000
 -1.2906342661267445e-015 -1.6826817716975029e-015 -8.6433251945180298e-002 -4.2578074895142526e-001  0.0000000000000000e+000  0.0000000000000000e+000  0.0000000000000000e+000
  1.3496148643099559e-015 -4.0063438677684360e-015 -9.2303154265459778e-002 -4.2454691252216259e-001  0.0000000000000000e+000  0.0000000000000000e+000  0.0000000000000000e+000
 -4.8572257327350599e-016 -2.4173371637736807e-015 -9.8155463380330571e-002 -4.2323215642014805e-001  0.0000000000000000e+000  0.0000000000000000e+000  0.0000000000000000e+000
 -5.4296844798074062e-015  2.6194324487249787e-015 -1.0398906382546058e-001 -4.2183673124107884e-001  0.0000000000000000e+000  0.0000000000000000e+000  0.0000000000000000e+000
 -4.0939474033052647e-015  1.0816000872715392e-015 -1.0980284370243398e-001 -4.2036090295639478e-001  0.0000000000000000e+000  0.0000000000000000e+000  0.0000000000000000e+000
  3.7816971776294395e-016 -3.2899030721900147e-015 -1.1559569489068651e-001 -4.1880495286254010e-001  0.0000000000000000e+000  0.0000000000000000e+000  0.0000000000000000e+000
 -4.3506864777498322e-015  1.3530843112619095e-015 -1.2136651325870863e-001 -4.1716917752739074e-001  0.0000000000000000e+000  0.0000000000000000e+000  0.0000000000000000e+000
 -6.0021432268797525e-016 -2.4095309081317851e-015 -1.2711419887450318e-001 -4.1545388873369338e-001  0.0000000000000000e+000  0.0000000000000000e+000  0.0000000000000000e+000
 -3.7123082385903672e-015  6.2883726004159257e-016 -1.3283765621523075e-001 -4.1365941341966328e-001  0.0000000000000000e+000  0.0000000000000000e+000  0.0000000000000000e+000
 -4.4061976289810900e-016 -2.6376470452227352e-015 -1.3853579437601957e-001 -4.1178609361665180e-001  0.0000000000000000e+000  0.0000000000000000e+000  0.0000000000000000e+000
 -1.5543122344752192e-015 -1.6280379822042335e-015 -1.4420752727789415e-001 -4.0983428638396308e-001  0.0000000000000000e+000  0.0000000000000000e+000  0.0000000000000000e+000
 -2.7061686225238191e-015 -4.8485521153551758e-016 -1.4985177387478865e-001 -4.0780436374079615e-001  0.0000000000000000e+000  0.0000000000000000e+000  0.0000000000000000e+000
 -2.5084101462624631e-015 -7.3639011555215461e-016 -1.5546745835959092e-001 -4.0569671259533868e-001  0.0000000000000000e+000  0.0000000000000000e+000  0.0000000000000000e+000
 -3.0461744238152733e-015 -3.0184188481996443e-016 -1.6105351036919646e-001 -4.0351173467101931e-001  0.0000000000000000e+000  0.0000000000000000e+000  0.0000000000000000e+000
 -3.5006719745211967e-015  1.3444106938820255e-016 -1.6660886518852588e-001 -4.0124984642993633e-001  0.0000000000000000e+000  0.0000000000000000e+000  0.0000000000000000e+000
 -5.0480453150925086e-015  1.5690573840210220e-015 -1.7213246395345555e-001 -3.9891147899348356e-001  0.0000000000000000e+000  0.0000000000000000e+000  0.0000000000000000e+000
 -3.5943470422239443e-015  5.8113236445223038e-017 -1.7762325385264274e-001 -3.9649707806017442e-001  0.0000000000000000e+000  0.0000000000000000e+000  0.0000000000000000e+000
  5.5511151231257827e-017 -3.7331249203020889e-015 -1.8308018832819750e-001 -3.9400710382068943e-001  0.0000000000000000e+000  0.0000000000000000e+000  0.0000000000000000e+000
 -2.3002433291452462e-015 -1.3782378016635732e-015 -1.8850222727515331e-001 -3.9144203087016988e-001  0.0000000000000000e+000  0.0000000000000000e+000  0.0000000000000000e+000
 -3.8927194800919551e-015  1.0581813203458523e-016 -1.9388833723971510e-001 -3.8880234811774717e-001  0.0000000000000000e+000  0.0000000000000000e+000  0.0000000000000000e+000
  3.0878077872387166e-016 -4.0974168502572184e-015 -1.9923749161624313e-001 -3.8608855869336894e-001  0.0000000000000000e+000  0.0000000000000000e+000  0.0000000000000000e+000
 -9.7144514654701197e-017 -3.8458819462405813e-015 -2.0454867084291870e-001 -3.8330117985189194e-001  0.0000000000000000e+000  0.0000000000000000e+000  0.0000000000000000e+000
 -2.9212743335449431e-015 -1.2125717097077882e-015 -2.0982086259607957e-001 -3.8044074287449059e-001  0.0000000000000000e+000  0.0000000000000000e+000  0.0000000000000000e+000
  1.2767564783189300e-015 -5.4539706084710815e-015 -2.1505306198317301e-001 -3.7750779296740089e-001  0.0000000000000000e+000  0.0000000000000000e+000  0.0000000000000000e+000
 -5.1660065114589315e-015  7.6674777638174874e-016 -2.2024427173428518e-001 -3.7450288915800173e-001  0.0000000000000000e+000  0.0000000000000000e+000  0.0000000000000000e+000
 -1.3808398868775384e-015 -3.0019389751778647e-015 -2.2539350239223005e-001 -3.7142660418825674e-001  0.0000000000000000e+000  0.0000000000000000e+000  0.0000000000000000e+000
  5.4470317145671743e-016 -5.0038098664551001e-015 -2.3049977250113471e-001 -3.6827952440555528e-001  0.0000000000000000e+000  0.0000000000000000e+000  0.0000000000000000e+000
  6.2450045135165055e-016 -5.1399856593192794e-015 -2.3556210879351464e-001 -3.6506224965094641e-001  0.0000000000000000e+000  0.0000000000000000e+000  0.0000000000000000e+000
  1.7694179454963432e-016 -4.5709963591988867e-015 -2.4057954637577533e-001 -3.6177539314481050e-001  0.0000000000000000e+000  0.0000000000000000e+000  0.0000000000000000e+000
 -1.2385925618474403e-015 -3.2916377956659915e-015 -2.4555112891212533e-001 -3.5841958136998697e-001  0.0000000000000000e+000  0.0000000000000000e+000  0.0000000000000000e+000
 -4.2847669856627135e-015 -2.4719809532669501e-016 -2.5047590880685849e-001 -3.5499545395234811e-001  0.0000000000000000e+000  0.0000000000000000e+000  0.0000000000000000e+000
 -2.6992297286199118e-015 -1.9637069748057456e-015 -2.5535294738496483e-001 -3.5150366353889984e-001  0.0000000000000000e+000  0.0000000000000000e+000  0.0000000000000000e+000
 -2.1788126858268697e-015 -2.2881002648134086e-015 -2.6018131507104381e-001 -3.4794487567337123e-001  0.0000000000000000e+000  0.0000000000000000e+000  0.0000000000000000e+000
 -3.8719027983802334e-015 -8.4481033280070505e-016 -2.6496009156648609e-001 -3.4431976866937886e-001  0.0000000000000000e+000  0.0000000000000000e+000  0.0000000000000000e+000
 -1.1587952819525071e-015 -3.5960817656999211e-015 -2.6968836602488522e-001 -3.4062903348112372e-001  0.0000000000000000e+000  0.0000000000000000e+000  0.0000000000000000e+000
 -1.7416623698807143e-015 -3.1832175784174410e-015 -2.7436523722564349e-001 -3.3687337357169345e-001  0.0000000000000000e+000  0.0000000000000000e+000  0.0000000000000000e+000
  1.2975731600306517e-015 -6.1149002528182450e-015 -2.7898981374575038e-001 -3.3305350477898876e-001  0.0000000000000000e+000  0.0000000000000000e+000  0.0000000000000000e+000
 -1.0547118733938987e-015 -3.8389430523366741e-015 -2.8356121412968743e-001 -3.2917015517928128e-001  0.0000000000000000e+000  0.0000000000000000e+000  0.0000000000000000e+000
  7.1470607210244452e-016 -5.9969390564518221e-015 -2.8807856705743778e-001 -3.2522406494844552e-001  0.0000000000000000e+000  0.0000000000000000e+000  0.0000000000000000e+000
  6.0437765903031959e-015 -1.1206313654810174e-014 -2.9254101151055995e-001 -3.2121598622084924e-001  0.0000000000000000e+000  0.0000000000000000e+000  0.0000000000000000e+000
  6.4531713306337224e-015 -1.1980000325095830e-014 -2.9694769693630296e-001 -3.1714668294604975e-001  0.0000000000000000e+000  0.0000000000000000e+000  0.0000000000000000e+000
  9.4091401336982017e-015 -1.4892601041260889e-014 -3.0129778340971930e-001 -3.1301693074312181e-001  0.0000000000000000e+000  0.0000000000000000e+000  0.0000000000000000e+000
  7.9172779443581476e-015 -1.3633191797701727e-014 -3.0559044179376038e-001 -3.0882751675287351e-001  0.0000000000000000e+000  0.0000000000000000e+000  0.0000000000000000e+000
  1.6389667401028873e-014 -2.2015375633621659e-014 -3.0982485389731307e-001 -3.0457923948779109e-001  0.0000000000000000e+000  0.0000000000000000e+000  0.0000000000000000e+000
  1.2684298056342413e-014 -1.8152146452621309e-014 -3.1400021263114269e-001 -3.0027290867983158e-001  0.0000000000000000e+000  0.0000000000000000e+000  0.0000000000000000e+000
  1.4301060335952798e-014 -1.9158286068687858e-014 -3.1811572216173362e-001 -2.9590934512611061e-001  0.0000000000000000e+000  0.0000000000000000e+000  0.0000000000000000e+000
  1.4217793609105911e-014 -1.8074083896202353e-014 -3.2217059806297266e-001 -2.9148938053244255e-001  0.0000000000000000e+000  0.0000000000000000e+000  0.0000000000000000e+000
  1.7902346272080649e-014 -2.0180038196038197e-014 -3.2616406746566323e-001 -2.8701385735481433e-001  0.0000000000000000e+000  0.0000000000000000e+000  0.0000000000000000e+000
  2.1205259770340490e-014 -1.7876325419940997e-014 -3.3396375396483402e-001 -2.7789955785703824e-001  0.0000000000000000e+000  0.0000000000000000e+000  0.0000000000000000e+000
  3.3584246494910985e-015  9.5062846483529029e-015 -3.4150883538583165e-001 -2.6857339513215051e-001  0.0000000000000000e+000  0.0000000000000000e+000  0.0000000000000000e+000
 -2.2738755323103987e-014  5.0072793134070537e-014 -3.4879355955938507e-001 -2.5904247919842160e-001  0.0000000000000000e+000  0.0000000000000000e+000  0.0000000000000000e+000
 -6.3067606692612799e-014  1.1264600363602995e-013 -3.5581237280565664e-001 -2.4931407617250007e-001  0.0000000000000000e+000  0.0000000000000000e+000  0.0000000000000000e+000
 -1.4183099139586375e-013  2.1792637139306237e-013 -3.6255992416822630e-001 -2.3939560272995417e-001  0.0000000000000000e+000  0.0000000000000000e+000  0.0000000000000000e+000
 -2.5673213555066354e-013  3.6591563112864378e-013 -3.6903106949352110e-001 -2.2929462045096111e-001  0.0000000000000000e+000  0.0000000000000000e+000  0.0000000000000000e+000
 -4.0695224967635113e-013  5.5153451250511409e-013 -3.7522087535257548e-001 -2.1901883005559736e-001  0.0000000000000000e+000  0.0000000000000000e+000  0.0000000000000000e+000
 -6.0450255912058992e-013  7.8220416255270209e-013 -3.8112462280214876e-001 -2.0857606553298833e-001  0.0000000000000000e+000  0.0000000000000000e+000  0.0000000000000000e+000
 -8.4202783634523826e-013  1.0458162114090896e-012 -3.8673781098232157e-001 -1.9797428816888146e-001  0.0000000000000000e+000  0.0000000000000000e+000  0.0000000000000000e+000
 -1.1157255674909550e-012  1.3280175570340447e-012 -3.9205616054782577e-001 -1.8722158047620729e-001  0.0000000000000000e+000  0.0000000000000000e+000  0.0000000000000000e+000
 -1.3888473704426474e-012  1.5863491076295588e-012 -3.9707561693051019e-001 -1.7632614003315109e-001  0.0000000000000000e+000  0.0000000000000000e+000  0.0000000000000000e+000
 -1.6635373634166228e-012  1.8117000954998019e-012 -4.0179235343041914e-001 -1.6529627323354526e-001  0.0000000000000000e+000  0.0000000000000000e+000  0.0000000000000000e+000
 -1.8775050958375061e-012  1.9365516135128047e-012 -4.0620277413317940e-001 -1.5414038895432192e-001  0.0000000000000000e+000  0.0000000000000000e+000  0.0000000000000000e+000
 -2.0087473351360075e-012  1.9323431743600850e-012 -4.1030351665141551e-001 -1.4286699214476617e-001  0.0000000000000000e+000  0.0000000000000000e+000  0.0000000000000000e+000
 -2.0108081866254679e-012  1.7535313479033476e-012 -4.1409145468814740e-001 -1.3148467734259472e-001  0.0000000000000000e+000  0.0000000000000000e+000  0.0000000000000000e+000
 -1.8239368348993423e-012  1.3442996715795630e-012 -4.1756370042019586e-001 -1.2000212212171721e-001  0.0000000000000000e+000  0.0000000000000000e+000  0.0000000000000000e+000
 -1.4364273659417393e-012  7.0159503207101181e-013 -4.2071760669978048e-001 -1.0842808047664788e-001  0.0000000000000000e+000  0.0000000000000000e+000  0.0000000000000000e+000
 -8.0821460635149833e-013 -1.9858420463592097e-013 -4.2355076907263767e-001 -9.6771376148724220e-002  0.0000000000000000e+000  0.0000000000000000e+000  0.0000000000000000e+000
  6.6849303870242238e-014 -1.3422388200901025e-012 -4.2606102761111725e-001 -8.5040895899104574e-002  0.0000000000000000e+000  0.0000000000000000e+000  0.0000000000000000e+000
  1.1721040804602012e-012 -2.6903548833168145e-012 -4.2824646856085496e-001 -7.3245582733734660e-002  0.0000000000000000e+000  0.0000000000000000e+000  0.0000000000000000e+000
  2.4865248748895397e-012 -4.1966638497648034e-012 -4.3010542579977945e-001 -6.1394429085450716e-002  0.0000000000000000e+000  0.0000000000000000e+000  0.0000000000000000e+000
  3.9488204373050451e-012 -5.7794810603972735e-012 -4.3163648210831990e-001 -4.9496469958377878e-002  0.0000000000000000e+000  0.0000000000000000e+000  0.0000000000000000e+000
  5.4743570787607609e-012 -7.3362427244205719e-012 -4.3283847024986022e-001 -3.7560776039882907e-002  0.0000000000000000e+000  0.0000000000000000e+000  0.0000000000000000e+000
  6.9819081072175493e-012 -8.7747170640639638e-012 -4.3371047386062395e-001 -2.5596446785332072e-002  0.0000000000000000e+000  0.0000000000000000e+000  0.0000000000000000e+000
  8.3753698421062950e-012 -9.9949562515355694e-012 -4.3425182814827462e-001 -1.3612603480909508e-002  0.0000000000000000e+000  0.0000000000000000e+000  0.0000000000000000e+000
  9.5657023968520605e-012 -1.0915879311568233e-011 -4.3446212039874754e-001 -1.6183822897935310e-003  0.0000000000000000e+000  0.0000000000000000e+000  0.0000000000000000e+000
  1.0456482901766151e-011 -1.1457015891558342e-011 -4.3434119029088175e-001  1.0377072713009989e-002  0.0000000000000000e+000  0.0000000000000000e+000  0.0000000000000000e+000
  1.0992318166813675e-011 -1.1586072379277113e-011 -4.3388913001864504e-001  2.2364616511859836e-002  0.0000000000000000e+000  0.0000000000000000e+000  0.0000000000000000e+000
  1.1130388277713621e-011 -1.1289878754094929e-011 -4.3310628422084019e-001  3.4335110122401126e-002  0.0000000000000000e+000  0.0000000000000000e+000  0.0000000000000000e+000
  1.0854893373046792e-011 -1.0584866316776242e-011 -4.3199324971835390e-001  4.6279427558880960e-002  0.0000000000000000e+000  0.0000000000000000e+000  0.0000000000000000e+000
  1.0192603705494463e-011 -9.5279409362269973e-012 -4.3055087505915274e-001  5.8188462791552362e-002  0.0000000000000000e+000  0.0000000000000000e+000  0.0000000000000000e+000
  9.1961369075299615e-012 -8.1991913258860905e-012 -4.2878025987135782e-001  7.0053136688872086e-002  0.0000000000000000e+000  0.0000000000000000e+000  0.0000000000000000e+000
  7.9269785180358099e-012 -6.6813846122393272e-012 -4.2668275402491984e-001  8.1864403939196639e-002  0.0000000000000000e+000  0.0000000000000000e+000  0.0000000000000000e+000
  6.4817248790483006e-012 -5.0840096021964598e-012 -4.2425995660250565e-001  9.3613259946676200e-002  0.0000000000000000e+000  0.0000000000000000e+000  0.0000000000000000e+000
  4.9613368968692839e-012 -3.5080063853776267e-012 -4.2151371468040078e-001  1.0529074769614097e-001  0.0000000000000000e+000  0.0000000000000000e+000  0.0000000000000000e+000
  3.4507743884581998e-012 -2.0363918884491738e-012 -4.1844612192034414e-001  1.1688796458167423e-001  0.0000000000000000e+000  0.0000000000000000e+000  0.0000000000000000e+000
  2.0515256160535955e-012 -7.5379980035705785e-013 -4.1505951697338833e-001  1.2839606919373311e-001  0.0000000000000000e+000  0.0000000000000000e+000  0.0000000000000000e+000
  8.2282791691312696e-013  2.9747732055440679e-013 -4.1135648169696576e-001  1.3980628805961304e-001  0.0000000000000000e+000  0.0000000000000000e+000  0.0000000000000000e+000
 -1.8748197438966940e-013  1.0934655958472206e-012 -4.0733983918656524e-001  1.5110992233210474e-001  0.0000000000000000e+000  0.0000000000000000e+000  0.0000000000000000e+000
 -9.5616570217060826e-013  1.6318058015940551e-012 -4.0301265162348188e-001  1.6229835442125684e-001  0.0000000000000000e+000  0.0000000000000000e+000  0.0000000000000000e+000
 -1.4657754177083149e-012  1.9190343758523909e-012 -3.9837821794029848e-001  1.7336305456420253e-001  0.0000000000000000e+000  0.0000000000000000e+000  0.0000000000000000e+000
 -1.7560917997538894e-012  2.0079424234431542e-012 -3.9344007130586595e-001  1.8429558732803619e-001  0.0000000000000000e+000  0.0000000000000000e+000  0.0000000000000000e+000
 -1.8413673363859573e-012  1.9262577644063583e-012 -3.8820197643172027e-001  1.9508761804073374e-001  0.0000000000000000e+000  0.0000000000000000e+000  0.0000000000000000e+000
 -1.7733314816581469e-012  1.7311707622980066e-012 -3.8266792670196353e-001  2.0573091914530175e-001  0.0000000000000000e+000  0.0000000000000000e+000  0.0000000000000000e+000
 -1.5941657716123103e-012  1.4661258318504622e-012 -3.7684214112881792e-001  2.1621737647225137e-001  0.0000000000000000e+000  0.0000000000000000e+000  0.0000000000000000e+000
 -1.3522100106300172e-012  1.1758649609561189e-012 -3.7072906113615800e-001  2.2653899542560665e-001  0.0000000000000000e+000  0.0000000000000000e+000  0.0000000000000000e+000
 -1.0787273851953216e-012  8.8604817927162571e-013 -3.6433334717348753e-001  2.3668790707777976e-001  0.0000000000000000e+000  0.0000000000000000e+000  0.0000000000000000e+000
 -8.2193626904647488e-013  6.3384020254630968e-013 -3.5765987516293368e-001  2.4665637416863512e-001  0.0000000000000000e+000  0.0000000000000000e+000  0.0000000000000000e+000
 -5.8969495952965190e-013  4.2189862714536730e-013 -3.5071373278197321e-001  2.5643679700415550e-001  0.0000000000000000e+000  0.0000000000000000e+000  0.0000000000000000e+000
 -3.8588576778408878e-013  2.4724666758402236e-013 -3.4350021558471572e-001  2.6602171925026508e-001  0.0000000000000000e+000  0.0000000000000000e+000  0.0000000000000000e+000
 -2.4626134464966754e-013  1.3610640392514028e-013 -3.3602482296471148e-001  2.7540383361733917e-001  0.0000000000000000e+000  0.0000000000000000e+000  0.0000000000000000e+000
 -1.3765030781875964e-013  5.3741733285761484e-014 -3.2829325396236708e-001  2.8457598743105827e-001  0.0000000000000000e+000  0.0000000000000000e+000  0.0000000000000000e+000
 -6.9170363881099206e-014  6.8348104953486200e-015 -3.2031140292013910e-001  2.9353118808546153e-001  0.0000000000000000e+000  0.0000000000000000e+000  0.0000000000000000e+000
 -2.4707666468337663e-014 -2.2815083156046967e-014 -3.1208535498884732e-001  3.0226260837388852e-001  0.0000000000000000e+000  0.0000000000000000e+000  0.0000000000000000e+000
 -1.0550588180890941e-014 -2.7575164374127326e-014 -3.0362138148851647e-001  3.1076359169389023e-001  0.0000000000000000e+000  0.0000000000000000e+000  0.0000000000000000e+000
 -8.6874951676918499e-015 -2.6069424396979457e-014 -2.9492593512729104e-001  3.1902765712201470e-001  0.0000000000000000e+000  0.0000000000000000e+000  0.0000000000000000e+000
 -1.2401538129758194e-014 -2.0594637106796654e-014 -2.8600564508206650e-001  3.2704850435470767e-001  0.0000000000000000e+000  0.0000000000000000e+000  0.0000000000000000e+000
 -2.6825763832505345e-014 -8.6319840164605921e-015 -2.7686731194457220e-001  3.3482001851150439e-001  0.0000000000000000e+000  0.0000000000000000e+000  0.0000000000000000e+000
 -3.1193797545014945e-014 -5.4886650779906176e-015 -2.6751790253679331e-001  3.4233627479682771e-001  0.0000000000000000e+000  0.0000000000000000e+000  0.0000000000000000e+000
 -3.2746375056014188e-014 -6.5572547391923308e-015 -2.5796454459963952e-001  3.4959154301692091e-001  0.0000000000000000e+000  0.0000000000000000e+000  0.0000000000000000e+000
 -3.7596661894845340e-014 -3.1155633628543455e-015 -2.4821452135895761e-001  3.5658029194838742e-001  0.0000000000000000e+000  0.0000000000000000e+000  0.0000000000000000e+000
 -4.2523276566619472e-014 -2.0816681711721685e-016 -2.3827526597298498e-001  3.6329719355502660e-001  0.0000000000000000e+000  0.0000000000000000e+000  0.0000000000000000e+000
 -4.5201689613527662e-014  1.4571677198205180e-015 -2.2815435586551130e-001  3.6973712704981376e-001  0.0000000000000000e+000  0.0000000000000000e+000  0.0000000000000000e+000
 -5.0650456051570814e-014  4.0037417825544708e-015 -2.1785950694905076e-001  3.7589518279883916e-001  0.0000000000000000e+000  0.0000000000000000e+000  0.0000000000000000e+000
 -4.9156859138754783e-014  2.4355517602714372e-015 -2.0739856774244136e-001  3.8176666606428555e-001  0.0000000000000000e+000  0.0000000000000000e+000  0.0000000000000000e+000
 -5.1467510808755890e-014  2.6020852139652106e-015 -1.9677951338733118e-001  3.8734710058357208e-001  0.0000000000000000e+000  0.0000000000000000e+000  0.0000000000000000e+000
 -5.2034765385400306e-014  2.2412627309620348e-015 -1.8601043956815480e-001  3.9263223198193847e-001  0.0000000000000000e+000  0.0000000000000000e+000  0.0000000000000000e+000
 -5.4017554318441796e-014  2.0816681711721685e-015 -1.7509955634019123e-001  3.9761803101585358e-001  0.0000000000000000e+000  0.0000000000000000e+000  0.0000000000000000e+000
 -5.9913012051548975e-014  5.9952043329758453e-015 -1.6405518187044044e-001  4.0230069664482837e-001  0.0000000000000000e+000  0.0000000000000000e+000  0.0000000000000000e+000
 -5.8620643061946254e-014  3.1363800445660672e-015 -1.5288573609607187e-001  4.0667665892920357e-001  0.0000000000000000e+000  0.0000000000000000e+000  0.0000000000000000e+000
 -5.5908402907256516e-014 -1.3010426069826053e-015 -1.4159973430528752e-001  4.1074258175179240e-001  0.0000000000000000e+000  0.0000000000000000e+000  0.0000000000000000e+000
 -6.1842024556835185e-014  2.2933044352413390e-015 -1.3020578064549643e-001  4.1449536536124704e-001  0.0000000000000000e+000  0.0000000000000000e+000  0.0000000000000000e+000
 -6.2319073512728806e-014  8.0144224590128488e-016 -1.1871256156373877e-001  4.1793214873521106e-001  0.0000000000000000e+000  0.0000000000000000e+000  0.0000000000000000e+000
 -6.4281913125796564e-014  1.1102230246251565e-016 -1.0712883918437066e-001  4.2105031176150920e-001  0.0000000000000000e+000  0.0000000000000000e+000  0.0000000000000000e+000
 -7.2550472574040015e-014  5.4366233737113134e-015 -9.5463444629052235e-002  4.2384747723563765e-001  0.0000000000000000e+000  0.0000000000000000e+000  0.0000000000000000e+000
 -6.9144343028959554e-014 -3.5388358909926865e-016 -8.3725271284141700e-002  4.2632151267306895e-001  0.0000000000000000e+000  0.0000000000000000e+000  0.0000000000000000e+000
 -7.3423905844194337e-014  9.4022012397942945e-016 -7.1923268020604086e-002  4.2847053193503687e-001  0.0000000000000000e+000  0.0000000000000000e+000  0.0000000000000000e+000
 -7.3951261780891286e-014 -9.6103680569115113e-016 -6.0066432371638993e-002  4.3029289666644516e-001  0.0000000000000000e+000  0.0000000000000000e+000  0.0000000000000000e+000
 -7.4858522158827157e-014 -3.1120939159023919e-015 -4.8163803673195914e-002  4.3178721754492277e-001  0.0000000000000000e+000  0.0000000000000000e+000  0.0000000000000000e+000
 -7.9965548072102877e-014 -1.0963452368173421e-015 -3.6224456172627192e-002  4.3295235533999882e-001  0.0000000000000000e+000  0.0000000000000000e+000  0.0000000000000000e+000
 -8.1188528122666526e-014 -3.4104663537704027e-015 -2.4257492110722107e-002  4.3378742178163088e-001  0.0000000000000000e+000  0.0000000000000000e+000  0.0000000000000000e+000
 -8.4439399916647062e-014 -3.1606661732297425e-015 -1.3471152375348339e-002  4.3425623918734174e-001  0.0000000000000000e+000  0.0000000000000000e+000  0.0000000000000000e+000
 -8.5735238353201737e-014 -4.6351811278100286e-015 -2.6764938006232112e-003  4.3445689038199137e-001  0.0000000000000000e+000  0.0000000000000000e+000  0.0000000000000000e+000
 -9.0356541693203951e-014 -2.9750507613002242e-015  8.1198175890454874e-003  4.3438925145746415e-001  0.0000000000000000e+000  0.0000000000000000e+000  0.0000000000000000e+000
 -1.0097825353660994e-013  4.4686476741162551e-015  1.8911114748587119e-002  4.3405336418282059e-001  0.0000000000000000e+000  0.0000000000000000e+000  0.0000000000000000e+000
 -1.0326808852489933e-013  4.0609876572617054e-015  2.8613487141555843e-002  4.3352188130826713e-001  0.0000000000000000e+000  0.0000000000000000e+000  0.0000000000000000e+000
 -9.8691887995272509e-014 -3.7001651742585295e-015  3.8301546950701440e-002  4.3277354900760556e-001  0.0000000000000000e+000  0.0000000000000000e+000  0.0000000000000000e+000
 -1.0046130594076885e-013 -4.8173270927875933e-015  4.7970448168704959e-002  4.3180874159973759e-001  0.0000000000000000e+000  0.0000000000000000e+000  0.0000000000000000e+000
 -1.0531506222655196e-013 -3.0895425107146934e-015  5.7615354371453667e-002  4.3062794168528901e-001  0.0000000000000000e+000  0.0000000000000000e+000  0.0000000000000000e+000
 -1.0581119314068133e-013 -5.5441762292218755e-015  6.7231441137240097e-002  4.2923173990522245e-001  0.0000000000000000e+000  0.0000000000000000e+000  0.0000000000000000e+000
 -1.1375275721370315e-013 -8.9858676055598607e-016  7.6813898459957439e-002  4.2762083464541428e-001  0.0000000000000000e+000  0.0000000000000000e+000  0.0000000000000000e+000
 -1.1834630497808973e-013  6.6439909129911712e-016  8.6357933155084471e-002  4.2579603168728491e-001  0.0000000000000000e+000  0.0000000000000000e+000  0.0000000000000000e+000
 -1.2004633398454700e-013 -1.1492543028346347e-015  9.5858771257256614e-002  4.2375824380477062e-001  0.0000000000000000e+000  0.0000000000000000e+000  0.0000000000000000e+000
 -1.2534417948018017e-013  9.3328123007552222e-016  1.0531166040822071e-001  4.2150849030775323e-001  0.0000000000000000e+000  0.0000000000000000e+000  0.0000000000000000e+000
 -1.3123183095764546e-013  3.7123082385903672e-015  1.1471187223398903e-001  4.1904789653216140e-001  0.0000000000000000e+000  0.0000000000000000e+000  0.0000000000000000e+000
 -1.3350084926422312e-013  1.9697785069716645e-015  1.2405470470998597e-001  4.1637769327712076e-001  0.0000000000000000e+000  0.0000000000000000e+000  0.0000000000000000e+000
 -1.3338288806785670e-013 -1.5855372570428017e-015  1.3333548451302404e-001  4.1349921618925889e-001  0.0000000000000000e+000  0.0000000000000000e+000  0.0000000000000000e+000
 -1.3569353973785780e-013 -3.8909847566159783e-015  1.4254956935891561e-001  4.1041390509465453e-001  0.0000000000000000e+000  0.0000000000000000e+000  0.0000000000000000e+000
 -1.4088383237798041e-013 -1.8951853975046618e-015  1.5169235032456516e-001  4.0712330327858492e-001  0.0000000000000000e+000  0.0000000000000000e+000  0.0000000000000000e+000
 -1.4590759156440924e-013 -1.0659875759877480e-015  1.6075925415337386e-001  4.0362905671359778e-001  0.0000000000000000e+000  0.0000000000000000e+000  0.0000000000000000e+000
 -1.5486917304130543e-013  4.9899320786472856e-015  1.6974574554279306e-001  3.9993291323617913e-001  0.0000000000000000e+000  0.0000000000000000e+000  0.0000000000000000e+000
 -1.5786677520779335e-013  3.6247047030535384e-015  1.7864732941291392e-001  3.9603672167248544e-001  0.0000000000000000e+000  0.0000000000000000e+000  0.0000000000000000e+000
 -1.6393830737371218e-013  5.8876514774652833e-015  1.8745955315491045e-001  3.9194243091354364e-001  0.0000000000000000e+000  0.0000000000000000e+000  0.0000000000000000e+000
 -1.6824736048803857e-013  5.6647395108022636e-015  1.9617800885826445e-001  3.8765208894041303e-001  0.0000000000000000e+000  0.0000000000000000e+000  0.0000000000000000e+000
 -1.6779633238428460e-013  1.1969591984239969e-016  2.0479833551561383e-001  3.8316784179976693e-001  0.0000000000000000e+000  0.0000000000000000e+000  0.0000000000000000e+000
 -1.7636586635561002e-013  5.0827397846120448e-015  2.1331622120414861e-001  3.7849193253045571e-001  0.0000000000000000e+000  0.0000000000000000e+000  0.0000000000000000e+000
 -1.8227780396173898e-013  5.9986737799277989e-015  2.2172740524245363e-001  3.7362670004150789e-001  0.0000000000000000e+000  0.0000000000000000e+000  0.0000000000000000e+000
 -1.8211127050804521e-013  4.4408920985006262e-016  2.3002768032171653e-001  3.6857457794219173e-001  0.0000000000000000e+000  0.0000000000000000e+000  0.0000000000000000e+000
 -1.8827994718861873e-013  2.4025920142278778e-015  2.3821289461024006e-001  3.6333809332475009e-001  0.0000000000000000e+000  0.0000000000000000e+000  0.0000000000000000e+000
 -1.8858525852039065e-013 -3.9031278209478160e-015  2.4627895383021306e-001  3.5791986550029464e-001  0.0000000000000000e+000  0.0000000000000000e+000  0.0000000000000000e+000
 -1.9743234824787237e-013 -2.0122792321330962e-016  2.5422182330567156e-001  3.5232260468864957e-001  0.0000000000000000e+000  0.0000000000000000e+000  0.0000000000000000e+000
 -2.0299040226490206e-013 -1.1830814106161824e-015  2.6203752998067525e-001  3.4654911066266259e-001  0.0000000000000000e+000  0.0000000000000000e+000  0.0000000000000000e+000
 -2.0389245847241000e-013 -6.3629657098829284e-015  2.6972216440663360e-001  3.4060227134776483e-001  0.0000000000000000e+000  0.0000000000000000e+000  0.0000000000000000e+000
 -1.9945156637390937e-013 -1.8866852524723754e-014  2.7727188269783926e-001  3.3448506137741324e-001  0.0000000000000000e+000  0.0000000000000000e+000  0.0000000000000000e+000
 -1.9890339375550070e-013 -2.4718074809193524e-014  2.8468290845418220e-001  3.2820054060517023e-001  0.0000000000000000e+000  0.0000000000000000e+000  0.0000000000000000e+000
 -2.0268509093313014e-013 -2.6020852139652106e-014  2.9195153465013546e-001  3.2175185257414729e-001  0.0000000000000000e+000  0.0000000000000000e+000  0.0000000000000000e+000
 -2.0870111194781771e-013 -2.2933044352413390e-014  2.9907412548901269e-001  3.1514222294459077e-001  0.0000000000000000e+000  0.0000000000000000e+000  0.0000000000000000e+000
 -2.1251056470106278e-013 -2.0736884431826752e-014  3.0604711822161551e-001  3.0837495788038938e-001  0.0000000000000000e+000  0.0000000000000000e+000  0.0000000000000000e+000
 -2.2905288776797761e-013 -2.0435042547006788e-015  3.1286702492832863e-001  3.0145344239534455e-001  0.0000000000000000e+000  0.0000000000000000e+000  0.0000000000000000e+000
 -2.5305452178159271e-013  2.7786800638196496e-014  3.1953043426379835e-001  2.9438113865993065e-001  0.0000000000000000e+000  0.0000000000000000e+000  0.0000000000000000e+000
 -2.9438257387326416e-013  7.8478890053190753e-014  3.2603401316329661e-001  2.8716158426953514e-001  0.0000000000000000e+000  0.0000000000000000e+000  0.0000000000000000e+000
 -3.5680486343281359e-013  1.5458120894429328e-013  3.3237450850993361e-001  2.7979839047492538e-001  0.0000000000000000e+000  0.0000000000000000e+000  0.0000000000000000e+000
 -4.3900300061849862e-013  2.5256532976136725e-013  3.3854874876188473e-001  2.7229524037588831e-001  0.0000000000000000e+000  0.0000000000000000e+000  0.0000000000000000e+000
 -5.5421639499897424e-013  3.8485881148631051e-013  3.4455364553880102e-001  2.6465588707893734e-001  0.0000000000000000e+000  0.0000000000000000e+000  0.0000000000000000e+000
 -7.0442263133685401e-013  5.5143389854350744e-013  3.5038619516663638e-001  2.5688415181996826e-001  0.0000000000000000e+000  0.0000000000000000e+000  0.0000000000000000e+000
 -8.7498758238879759e-013  7.3167166769749770e-013  3.5604348018009718e-001  2.4898392205289072e-001  0.0000000000000000e+000  0.0000000000000000e+000  0.0000000000000000e+000
 -1.0868389521689892e-012  9.4553878615677434e-013  3.6152267078196509e-001  2.4095914950509420e-001  0.0000000000000000e+000  0.0000000000000000e+000  0.0000000000000000e+000
 -1.3144832444744736e-012  1.1617512507555716e-012  3.6682102625858282e-001  2.3281384820076387e-001  0.0000000000000000e+000  0.0000000000000000e+000  0.0000000000000000e+000
 -1.5557138910438084e-012  1.3735713955131956e-012  3.7193589635076613e-001  2.2455209245307303e-001  0.0000000000000000e+000  0.0000000000000000e+000  0.0000000000000000e+000
 -1.8050283490111951e-012  1.5725858115711588e-012  3.7686472257947196e-001  2.1617801482619395e-001  0.0000000000000000e+000  0.0000000000000000e+000  0.0000000000000000e+000
 -2.0326240690593522e-012  1.7251200468137995e-012  3.8160503952557029e-001  2.0769580406814370e-001  0.0000000000000000e+000  0.0000000000000000e+000  0.0000000000000000e+000
 -2.2178578418241557e-012  1.8074881869001302e-012  3.8615447606305081e-001  1.9910970301558262e-001  0.0000000000000000e+000  0.0000000000000000e+000  0.0000000000000000e+000
 -2.3469767795880614e-012  1.8076339036721123e-012  3.9051075654506956e-001  1.9042400647153659e-001  0.0000000000000000e+000  0.0000000000000000e+000  0.0000000000000000e+000
 -2.3828231054956461e-012  1.6883126841005236e-012  3.9467170194224621e-001  1.8164305905708467e-001  0.0000000000000000e+000  0.0000000000000000e+000  0.0000000000000000e+000
 -2.3022903028468988e-012  1.4313168705815116e-012  3.9863523093261455e-001  1.7277125303819119e-001  0.0000000000000000e+000  0.0000000000000000e+000  0.0000000000000000e+000
 -2.0814461265672435e-012  1.0189210586375452e-012  4.0239936094271034e-001  1.6381302612866891e-001  0.0000000000000000e+000  0.0000000000000000e+000  0.0000000000000000e+000
 -1.7094589632726809e-012  4.5073667021000574e-013  4.0596220913926301e-001  1.5477285927042644e-001  0.0000000000000000e+000  0.0000000000000000e+000  0.0000000000000000e+000
 -1.1670664434859646e-012 -2.8455710010533153e-013  4.0932199337099956e-001  1.4565527439205991e-001  0.0000000000000000e+000  0.0000000000000000e+000  0.0000000000000000e+000
 -4.4815540167775225e-013 -1.1792997134385530e-012  4.1247703306007460e-001  1.3646483214698152e-001  0.0000000000000000e+000  0.0000000000000000e+000  0.0000000000000000e+000
  4.2992692739218796e-013 -2.2044172043322874e-012  4.1542575004270282e-001  1.2720612963217054e-001  0.0000000000000000e+000  0.0000000000000000e+000  0.0000000000000000e+000
  1.4618445343117514e-012 -3.3424027434669767e-012  4.1816666935856683e-001  1.1788379808866493e-001  0.0000000000000000e+000  0.0000000000000000e+000  0.0000000000000000e+000
  2.6198140878896936e-012 -4.5576251106460575e-012  4.2069841998858953e-001  1.0850250058501912e-001  0.0000000000000000e+000  0.0000000000000000e+000  0.0000000000000000e+000
  3.8570743821075837e-012 -5.7919849472121143e-012  4.2301973554072159e-001  9.9066929684796384e-002  0.0000000000000000e+000  0.0000000000000000e+000  0.0000000000000000e+000
  5.1432746950297314e-012 -7.0128902684984951e-012  4.2512945488340093e-001  8.9581805099334208e-002  0.0000000000000000e+000  0.0000000000000000e+000  0.0000000000000000e+000
  6.4080268868949020e-012 -8.1465043044737229e-012  4.2702652272634373e-001  8.0051871326951241e-002  0.0000000000000000e+000  0.0000000000000000e+000  0.0000000000000000e+000
  7.6196896015012783e-012 -9.1666604862261636e-012  4.2870999014841793e-001  7.0481895279669970e-002  0.0000000000000000e+000  0.0000000000000000e+000  0.0000000000000000e+000
  8.7113441460395791e-012 -1.0011803885934256e-011  4.3017901507228173e-001  6.0876663898854821e-002  0.0000000000000000e+000  0.0000000000000000e+000  0.0000000000000000e+000
  9.6353133804960578e-012 -1.0645311021573178e-011  4.3143286268560843e-001  5.1240981760712970e-002  0.0000000000000000e+000  0.0000000000000000e+000  0.0000000000000000e+000
  1.0337321276754352e-011 -1.1024070545317954e-011  4.3247090580863445e-001  4.1579668673050116e-002  0.0000000000000000e+000  0.0000000000000000e+000  0.0000000000000000e+000
  1.0804038219625056e-011 -1.1155458501388438e-011  4.3329262520788742e-001  3.1897557264369825e-002  0.0000000000000000e+000  0.0000000000000000e+000  0.0000000000000000e+000
  1.0986149490133101e-011 -1.1002247723990166e-011  4.3389760985590026e-001  2.2199490566589423e-002  0.0000000000000000e+000  0.0000000000000000e+000  0.0000000000000000e+000
  1.0894833646357682e-011 -1.0595212207586968e-011  4.3428555713682249e-001  1.2490319592498963e-002  0.0000000000000000e+000  0.0000000000000000e+000  0.0000000000000000e+000
  1.0524046911708496e-011 -9.9423733135317605e-012  4.3445627299778666e-001  2.7749009093142457e-003  0.0000000000000000e+000  0.0000000000000000e+000  0.0000000000000000e+000
  9.9004901499277764e-012 -9.0865925894689781e-012  4.3440967204597725e-001 -6.9419057906352638e-003  0.0000000000000000e+000  0.0000000000000000e+000  0.0000000000000000e+000
  9.0413024289581756e-012 -8.0532178148295941e-012  4.3414577759134726e-001 -1.6655240120725619e-002  0.0000000000000000e+000  0.0000000000000000e+000  0.0000000000000000e+000
  8.0015646886089087e-012 -6.9055108853355307e-012  4.3366472163496322e-001 -2.6360243431245128e-002  0.0000000000000000e+000  0.0000000000000000e+000  0.0000000000000000e+000
  6.8176436718303535e-012 -5.6816287785643738e-012  4.3296674480297076e-001 -3.6052061239665187e-002  0.0000000000000000e+000  0.0000000000000000e+000  0.0000000000000000e+000
  5.5436558121790824e-012 -4.4343140270797221e-012  4.3205219622624436e-001 -4.5725845658928323e-002  0.0000000000000000e+000  0.0000000000000000e+000  0.0000000000000000e+000
  4.2403996980411307e-012 -3.2206182165595010e-012  4.3092153336574179e-001 -5.5376757822340028e-002  0.0000000000000000e+000  0.0000000000000000e+000  0.0000000000000000e+000
  2.9553165470375120e-012 -2.0796836475156510e-012  4.2957532178368357e-001 -6.4999970303994278e-002  0.0000000000000000e+000  0.0000000000000000e+000  0.0000000000000000e+000
  1.7409546027025158e-012 -1.0535738947936579e-012  4.2801423486065227e-001 -7.4590669533488752e-002  0.0000000000000000e+000  0.0000000000000000e+000  0.0000000000000000e+000
  6.2505556286396313e-013 -1.5713819134788309e-013  4.2623905345876545e-001 -8.4144058203673655e-002  0.0000000000000000e+000  0.0000000000000000e+000  0.0000000000000000e+000
 -3.5722466651399998e-013  5.8727328555718827e-013  4.2425066553108204e-001 -9.3655357670300227e-002  0.0000000000000000e+000  0.0000000000000000e+000  0.0000000000000000e+000
 -1.1813779121627732e-012  1.1667750099420005e-012  4.2205006567744591e-001 -1.0311981034230050e-001  0.0000000000000000e+000  0.0000000000000000e+000  0.0000000000000000e+000
 -1.8483894970167114e-012  1.5938847464092021e-012  4.1963835464697458e-001 -1.1253268206155737e-001  0.0000000000000000e+000  0.0000000000000000e+000  0.0000000000000000e+000
 -2.3401766635622323e-012  1.8600121443057560e-012  4.1701673878746442e-001 -1.2188926447097891e-001  0.0000000000000000e+000  0.0000000000000000e+000  0.0000000000000000e+000
 -2.6774138461860275e-012  1.9931001293826967e-012  4.1418652944196371e-001 -1.3118487736958423e-001  0.0000000000000000e+000  0.0000000000000000e+000  0.0000000000000000e+000
 -2.8720116562741538e-012  2.0102183806436358e-012  4.1114914229283822e-001 -1.4041487105361253e-001  0.0000000000000000e+000  0.0000000000000000e+000  0.0000000000000000e+000
 -2.9488182728965029e-012  1.9393653349908391e-012  4.0790609665363275e-001 -1.4957462864229737e-001  0.0000000000000000e+000  0.0000000000000000e+000  0.0000000000000000e+000
 -2.9212951502266549e-012  1.7936069296453638e-012  4.0445901470911400e-001 -1.5865956838725126e-001  0.0000000000000000e+000  0.0000000000000000e+000  0.0000000000000000e+000
 -2.8180964506407946e-012  1.5999909730446404e-012  4.0080962070383697e-001 -1.6766514596428306e-001  0.0000000000000000e+000  0.0000000000000000e+000  0.0000000000000000e+000
 -2.6577871847788259e-012  1.3741577320480758e-012  3.9695974007967905e-001 -1.7658685674648461e-001  0.0000000000000000e+000  0.0000000000000000e+000  0.0000000000000000e+000
 -2.4768728734692047e-012  1.1495110419090793e-012  3.9291129856274148e-001 -1.8542023805745769e-001  0.0000000000000000e+000  0.0000000000000000e+000  0.0000000000000000e+000
 -2.2803321730879844e-012  9.2511415195062341e-013  3.8866632120009897e-001 -1.9416087140357985e-001  0.0000000000000000e+000  0.0000000000000000e+000  0.0000000000000000e+000
 -2.0968955738442929e-012  7.2537115203274993e-013  3.8422693134685959e-001 -2.0280438468413323e-001  0.0000000000000000e+000  0.0000000000000000e+000  0.0000000000000000e+000
 -1.9232081205355911e-012  5.4244109204404367e-013  3.7959534960405833e-001 -2.1134645437826527e-001  0.0000000000000000e+000  0.0000000000000000e+000  0.0000000000000000e+000
 -1.7717875777645276e-012  3.8481717812288707e-013  3.7477389270790168e-001 -2.1978280770761685e-001  0.0000000000000000e+000  0.0000000000000000e+000  0.0000000000000000e+000
 -1.6539859759578945e-012  2.6109669981622119e-013  3.6976497237092781e-001 -2.2810922477359113e-001  0.0000000000000000e+000  0.0000000000000000e+000  0.0000000000000000e+000
 -1.5686375809398356e-012  1.6737999875005016e-013  3.6457109407566041e-001 -2.3632154066816599e-001  0.0000000000000000e+000  0.0000000000000000e+000  0.0000000000000000e+000
 -1.5073012282762477e-012  9.3494656461245995e-014  3.5919485582135352e-001 -2.4441564755719150e-001  0.0000000000000000e+000  0.0000000000000000e+000  0.0000000000000000e+000
 -1.4747734283782066e-012  4.3381964687227992e-014  3.5363894682446334e-001 -2.5238749673514904e-001  0.0000000000000000e+000  0.0000000000000000e+000  0.0000000000000000e+000
 -1.4603075693120360e-012  6.0784710598227321e-015  3.4790614617349180e-001 -2.6023310065033051e-001  0.0000000000000000e+000  0.0000000000000000e+000  0.0000000000000000e+000
 -1.4710802020978520e-012 -1.1254885912137524e-014  3.4199932143887363e-001 -2.6794853489942261e-001  0.0000000000000000e+000  0.0000000000000000e+000  0.0000000000000000e+000
 -1.4951772459026458e-012 -1.9678703111480900e-014  3.3592142723860596e-001 -2.7552994019052224e-001  0.0000000000000000e+000  0.0000000000000000e+000  0.0000000000000000e+000
 -1.5272678954847407e-012 -2.4126534103885433e-014  3.2967550376033739e-001 -2.8297352427355854e-001  0.0000000000000000e+000  0.0000000000000000e+000  0.0000000000000000e+000
 -1.5685733961712245e-012 -2.2912227670701668e-014  3.2326467524065244e-001 -2.9027556383718606e-001  0.0000000000000000e+000  0.0000000000000000e+000  0.0000000000000000e+000
 -1.6085917320385335e-012 -2.6173507805538065e-014  3.1669214840231519e-001 -2.9743240637121970e-001  0.0000000000000000e+000  0.0000000000000000e+000  0.0000000000000000e+000
 -1.6603975139251048e-012 -1.9317880628477724e-014  3.0996121085025180e-001 -3.0444047199362334e-001  0.0000000000000000e+000  0.0000000000000000e+000  0.0000000000000000e+000
 -1.7129301449481105e-012 -1.3836154444391013e-014  3.0307522942707982e-001 -3.1129625524117494e-001  0.0000000000000000e+000  0.0000000000000000e+000  0.0000000000000000e+000
 -1.7637315219420913e-012 -1.1934897514720433e-014  2.9603764852899955e-001 -3.1799632682293100e-001  0.0000000000000000e+000  0.0000000000000000e+000  0.0000000000000000e+000
 -1.8204604490534848e-012 -5.2874371547773080e-015  2.8885198838288811e-001 -3.2453733533556373e-001  0.0000000000000000e+000  0.0000000000000000e+000  0.0000000000000000e+000
 -1.8699954779100025e-012 -7.0707328880814657e-015  2.8152184328547292e-001 -3.3091600893974138e-001  0.0000000000000000e+000  0.0000000000000000e+000  0.0000000000000000e+000
 -1.9230571995931811e-012 -7.1609385088322597e-015  2.7405087980544773e-001 -3.3712915699671747e-001  0.0000000000000000e+000  0.0000000000000000e+000  0.0000000000000000e+000
 -1.9839858922399145e-012 -1.5959455978986625e-016  2.6644283494943855e-001 -3.4317367166430990e-001  0.0000000000000000e+000  0.0000000000000000e+000  0.0000000000000000e+000
 -2.0368463859998798e-012 -3.3098523921637479e-015  2.5870151429273974e-001 -3.4904652945144732e-001  0.0000000000000000e+000  0.0000000000000000e+000  0.0000000000000000e+000
 -2.0963682179075960e-012 -1.0269562977782698e-015  2.5083079007574760e-001 -3.5474479273053888e-001  0.0000000000000000e+000  0.0000000000000000e+000  0.0000000000000000e+000
 -2.1574382905176215e-012  1.0061396160665481e-015  2.4283459926705223e-001 -3.6026561120688100e-001  0.0000000000000000e+000  0.0000000000000000e+000  0.0000000000000000e+000
 -2.2110967570765361e-012 -6.2033711500930622e-015  2.3471694159414677e-001 -3.6560622334438797e-001  0.0000000000000000e+000  0.0000000000000000e+000  0.0000000000000000e+000
 -2.2753361694771712e-012 -4.1563974484404298e-015  2.2648187754274926e-001 -3.7076395774693321e-001  0.0000000000000000e+000  0.0000000000000000e+000  0.0000000000000000e+000
 -2.3427535952857959e-012 -1.1622647289044608e-015  2.1813352632573180e-001 -3.7573623449456900e-001  0.0000000000000000e+000  0.0000000000000000e+000  0.0000000000000000e+000
 -2.4070112222829287e-012 -2.4980018054066022e-015  2.0967606382267098e-001 -3.8052056643405058e-001  0.0000000000000000e+000  0.0000000000000000e+000  0.0000000000000000e+000
 -2.4705229181853916e-012 -7.2303274478713320e-015  2.0111372049105794e-001 -3.8511456042287223e-001  0.0000000000000000e+000  0.0000000000000000e+000  0.0000000000000000e+000
 -2.5464413563880406e-012 -9.9573127521068727e-016  1.9245077925020257e-001 -3.8951591852637507e-001  0.0000000000000000e+000  0.0000000000000000e+000  0.0000000000000000e+000
 -2.6153194193634377e-012 -3.7782277306774859e-015  1.8369157333890693e-001 -3.9372243916715821e-001  0.0000000000000000e+000  0.0000000000000000e+000  0.0000000000000000e+000
 -2.6937427982653972e-012  8.4307560932472825e-016  1.7484048414795181e-001 -3.9773201822630250e-001  0.0000000000000000e+000  0.0000000000000000e+000  0.0000000000000000e+000
 -2.7663574556080484e-012 -2.4008572907519010e-015  1.6590193902851555e-001 -4.0154265009589796e-001  0.0000000000000000e+000  0.0000000000000000e+000  0.0000000000000000e+000
 -2.8409349525637673e-012 -5.6690763194922056e-015  1.5688040907758874e-001 -4.0515242868222817e-001  0.0000000000000000e+000  0.0000000000000000e+000  0.0000000000000000e+000
 -2.9223594030791666e-012 -4.3749726064135075e-015  1.4778040690151648e-001 -4.0855954835920882e-001  0.0000000000000000e+000  0.0000000000000000e+000  0.0000000000000000e+000
 -3.0019511182421965e-012 -6.9493022447630892e-015  1.3860648435877465e-001 -4.1176230487158538e-001  0.0000000000000000e+000  0.0000000000000000e+000  0.0000000000000000e+000
 -3.0882284576816410e-012 -5.4609095023749887e-015  1.2936323028310870e-001 -4.1475909618738405e-001  0.0000000000000000e+000  0.0000000000000000e+000  0.0000000000000000e+000
 -3.1739099196070875e-012 -6.6092964434716350e-015  1.2005526818818180e-001 -4.1754842329928760e-001  0.0000000000000000e+000  0.0000000000000000e+000  0.0000000000000000e+000
 -3.2662596585741888e-012 -3.6741443221188774e-015  1.1068725395487543e-001 -4.2012889097441081e-001  0.0000000000000000e+000  0.0000000000000000e+000  0.0000000000000000e+000
 -3.3555675599261647e-012 -6.3490879220751140e-015  1.0126387350239464e-001 -4.2249920845221417e-001  0.0000000000000000e+000  0.0000000000000000e+000  0.0000000000000000e+000
 -3.4560921832738067e-012 -2.2204460492503131e-016  9.1789840444357826e-002 -4.2465819009016770e-001  0.0000000000000000e+000  0.0000000000000000e+000  0.0000000000000000e+000
 -3.5474487930509113e-012 -6.0992877415344537e-015  8.2269893731023502e-002 -4.2660475595677938e-001  0.0000000000000000e+000  0.0000000000000000e+000  0.0000000000000000e+000
 -3.6504271827553225e-012 -2.9490299091605721e-015  7.2708795278848895e-002 -4.2833793237180701e-001  0.0000000000000000e+000  0.0000000000000000e+000  0.0000000000000000e+000
 -3.7540057867824217e-012 -2.0521778720805628e-015  6.3111327588560487e-002 -4.2985685239328925e-001  0.0000000000000000e+000  0.0000000000000000e+000  0.0000000000000000e+000
 -3.8557438492015095e-012 -5.9778570982160772e-015  5.3482291352927175e-002 -4.3116075625119027e-001  0.0000000000000000e+000  0.0000000000000000e+000  0.0000000000000000e+000
 -3.9656489897454961e-012 -4.4773212914961391e-015  4.3826503055433480e-002 -4.3224899172744191e-001  0.0000000000000000e+000  0.0000000000000000e+000  0.0000000000000000e+000
 -4.0795179734320897e-012 -2.2447321779139884e-015  3.4148792561055602e-002 -4.3312101448219076e-001  0.0000000000000000e+000  0.0000000000000000e+000  0.0000000000000000e+000
 -4.1899764907649129e-012 -6.5381727809565859e-015  2.4454000700342593e-002 -4.3377638832606752e-001  0.0000000000000000e+000  0.0000000000000000e+000  0.0000000000000000e+000
 -4.3089334184065464e-012 -5.5268289944621074e-015  1.4746976848012820e-002 -4.3421478543838599e-001  0.0000000000000000e+000  0.0000000000000000e+000  0.0000000000000000e+000
 -4.4294585360704630e-012 -6.3664351568348820e-015  5.0325764972776483e-003 -4.3443598653111004e-001  0.0000000000000000e+000  0.0000000000000000e+000  0.0000000000000000e+000
 -4.4986965541671253e-012 -1.6202317265623378e-015 -2.5113557559103448e-005 -4.3446513391613900e-001  0.0000000000000000e+000  0.0000000000000000e+000  0.0000000000000000e+000
